48207    0
0    0
0    0
0    0
0    0
48268    0
0    0
0    0
0    0
0    0
48983    0
0    0
0    0
0    0
0    0
48584    0
0    0
0    0
0    0
0    0
48592    0
0    0
0    0
0    0
0    0
48313    0
0    0
0    0
0    0
0    0
48163    0
0    0
0    0
0    0
0    0
48434    0
0    0
0    0
0    0
0    0
48706    0
0    0
0    0
0    0
0    0
48050    0
0    0
0    0
0    0
0    0
48292    0
0    0
0    0
0    0
0    0
48411    0
0    0
0    0
0    0
0    0
48345    0
0    0
0    0
0    0
0    0
48563    0
0    0
0    0
0    0
0    0
48488    0
0    0
0    0
0    0
0    0
48609    0
0    0
0    0
0    0
0    0
48198    0
0    0
0    0
0    0
0    0
48564    0
0    0
0    0
0    0
0    0
48607    0
0    0
0    0
0    0
0    0
48232    0
0    0
0    0
0    0
0    0
52989    0
0    0
0    0
0    0
0    0
52778    0
0    0
0    0
0    0
0    0
53188    0
0    0
0    0
0    0
0    0
52811    0
0    0
0    0
0    0
0    0
53085    0
0    0
0    0
0    0
0    0
53139    0
0    0
0    0
0    0
0    0
53194    0
0    0
0    0
0    0
0    0
53223    0
0    0
0    0
0    0
0    0
53408    0
0    0
0    0
0    0
0    0
52784    0
0    0
0    0
0    0
0    0
52440    0
0    0
0    0
0    0
0    0
52940    0
0    0
0    0
0    0
0    0
53242    0
0    0
0    0
0    0
0    0
53171    0
0    0
0    0
0    0
0    0
52986    0
0    0
0    0
0    0
0    0
53295    0
0    0
0    0
0    0
0    0
52894    0
0    0
0    0
0    0
0    0
52915    0
0    0
0    0
0    0
0    0
52873    0
0    0
0    0
0    0
0    0
53131    0
0    0
0    0
0    0
0    0
53299    0
0    0
0    0
0    0
0    0
53343    0
0    0
0    0
0    0
0    0
53610    0
0    0
0    0
0    0
0    0
53327    0
0    0
0    0
0    0
0    0
53446    0
0    0
0    0
0    0
0    0
53745    0
0    0
0    0
0    0
0    0
53668    0
0    0
0    0
0    0
0    0
53717    0
0    0
0    0
0    0
0    0
53657    0
0    0
0    0
0    0
0    0
53927    0
0    0
0    0
0    0
0    0
53851    0
0    0
0    0
0    0
0    0
53600    0
0    0
0    0
0    0
0    0
53207    0
0    0
0    0
0    0
0    0
53576    0
0    0
0    0
0    0
0    0
53540    0
0    0
0    0
0    0
0    0
53732    0
0    0
0    0
0    0
0    0
53642    0
0    0
0    0
0    0
0    0
53295    0
0    0
0    0
0    0
0    0
53516    0
0    0
0    0
0    0
0    0
53541    0
0    0
0    0
0    0
0    0
53628    0
0    0
0    0
0    0
0    0
53606    0
0    0
0    0
0    0
0    0
54191    0
0    0
0    0
0    0
0    0
53553    0
0    0
0    0
0    0
0    0
54060    0
0    0
0    0
0    0
0    0
53636    0
0    0
0    0
0    0
0    0
53936    0
0    0
0    0
0    0
0    0
53253    0
0    0
0    0
0    0
0    0
53467    0
0    0
0    0
0    0
0    0
53558    0
0    0
0    0
0    0
0    0
53487    0
0    0
0    0
0    0
0    0
53743    0
0    0
0    0
0    0
0    0
53657    0
0    0
0    0
0    0
0    0
53389    0
0    0
0    0
0    0
0    0
53940    0
0    0
0    0
0    0
0    0
53633    0
0    0
0    0
0    0
0    0
54160    0
0    0
0    0
0    0
0    0
53664    0
0    0
0    0
0    0
0    0
53555    0
0    0
0    0
0    0
0    0
53700    0
0    0
0    0
0    0
0    0
49309    1
3760    1
76    1
61    1
0    1
49397    3
3626    3
81    3
83    3
0    3
49410    1
3619    1
57    1
101    1
0    1
49468    3
3776    3
47    3
71    3
0    3
49599    0
3729    0
65    0
82    0
0    0
49485    5
3754    5
73    5
72    5
0    5
49414    2
3630    2
78    2
78    2
0    2
49183    2
3769    2
49    2
77    2
1    2
49793    5
3836    5
68    5
86    5
0    5
49653    4
3768    4
76    4
83    4
0    4
49752    5
3708    5
68    5
83    5
0    5
49452    5
3798    5
60    5
90    5
0    5
49394    4
3695    4
57    4
66    4
0    4
49647    4
3684    4
54    4
68    4
0    4
49458    2
3856    2
59    2
90    2
0    2
49686    4
3737    4
62    4
86    4
0    4
49682    3
3616    3
68    3
76    3
0    3
49968    2
3443    2
49    2
76    2
0    2
49416    4
3728    4
55    4
67    4
0    4
49342    3
3756    3
61    3
76    3
0    3
44671    24
7213    24
255    24
237    24
0    24
44565    14
7259    14
292    14
272    14
1    14
44691    27
7031    27
270    27
237    27
1    27
44625    21
7762    21
286    21
233    21
0    21
44840    25
7305    25
273    25
209    25
0    25
44441    20
7272    20
303    20
232    20
0    20
44536    27
7340    27
277    27
226    27
1    27
44730    21
7398    21
289    21
235    21
0    21
44135    25
7580    25
309    25
228    25
1    25
44660    15
7428    15
315    15
282    15
2    15
44672    16
7187    16
283    16
221    16
0    16
44317    21
7469    21
303    21
245    21
0    21
44667    21
7335    21
281    21
242    21
1    21
44856    23
7382    23
302    23
228    23
0    23
44603    25
7552    25
306    25
236    25
0    25
44696    21
7143    21
268    21
242    21
0    21
45030    25
7368    25
276    25
236    25
0    25
45275    14
6608    14
231    14
232    14
1    14
44511    19
7623    19
280    19
227    19
0    19
44413    17
7203    17
289    17
218    17
1    17
36634    87
13261    87
1170    87
445    87
2    87
36524    96
13082    96
1179    96
535    96
1    96
36705    112
12757    112
1095    112
478    112
1    112
35593    88
13860    88
1164    88
536    88
1    88
36524    81
13072    81
1209    81
465    81
2    81
35905    85
13541    85
1146    85
479    85
2    85
36291    98
13215    98
1125    98
541    98
2    98
36038    80
13202    80
1092    80
471    80
2    80
35270    92
13809    92
1243    92
500    92
1    92
36388    97
13187    97
1153    97
541    97
4    97
36733    88
13081    88
1193    88
465    88
3    88
36244    97
13586    97
1224    97
458    97
2    97
36053    105
13429    105
1103    105
518    105
1    105
35385    102
13719    102
1152    102
540    102
0    102
35640    98
13661    98
1239    98
514    98
1    98
36744    87
13137    87
1163    87
488    87
0    87
35806    87
13647    87
1187    87
527    87
3    87
37908    64
12225    64
916    64
463    64
2    64
35596    95
13794    95
1207    95
517    95
2    95
35868    97
13269    97
1127    97
474    97
1    97
23684    327
19496    327
3834    327
805    327
10    327
23806    329
19708    329
3859    329
863    329
5    329
24905    317
19593    317
3739    317
769    317
9    317
22542    359
20481    359
4242    359
796    359
6    359
23448    346
19952    346
3942    346
760    346
6    346
22844    350
20650    350
4174    350
868    350
7    350
23363    373
20129    373
3875    373
792    373
2    373
23606    352
20120    352
3909    352
828    352
9    352
22718    376
20191    376
4286    376
831    376
8    376
23757    320
20000    320
3995    320
855    320
6    320
24024    295
19813    295
3805    295
778    295
10    295
22580    374
20405    374
4061    374
752    374
5    374
23580    349
19634    349
3848    349
831    349
11    349
23088    369
20150    369
4041    369
852    369
7    369
22611    367
20340    367
4271    367
874    367
7    367
24058    331
19661    331
3802    331
754    331
3    331
23018    333
20252    333
4213    333
813    333
8    333
25354    270
19115    270
3389    270
781    270
8    270
22709    363
20467    363
4019    363
753    363
11    363
23279    343
20178    343
4097    343
764    343
7    343
10143    919
21391    919
10235    919
905    919
17    919
10141    938
21529    938
10200    938
962    938
41    938
10571    857
21687    857
9785    857
917    857
16    857
9008    1027
21025    1027
10906    1027
890    1027
22    1027
9904    970
21460    970
10305    970
935    970
21    970
9122    1021
21437    1021
10607    1021
892    1021
21    1021
9864    999
21277    999
10367    999
925    999
19    999
10062    917
21518    917
9946    917
886    917
17    917
9246    960
21293    960
10671    960
806    960
23    960
9981    923
21445    923
10322    923
939    923
11    923
10192    949
21313    949
10134    949
970    949
23    949
9180    995
21041    995
10740    995
864    995
25    995
9808    953
21598    953
10059    953
911    953
16    953
9358    945
21339    945
10495    945
947    945
18    945
9350    936
21214    936
10531    936
930    936
14    936
10647    923
21238    923
9655    923
873    923
15    923
9419    938
21595    938
10503    938
856    938
23    938
11298    801
22083    801
9085    801
894    801
20    801
9075    978
21121    978
10685    978
885    978
18    978
9586    949
21424    949
10331    949
887    949
17    949
2234    1646
13178    1646
17026    1646
603    1646
42    1646
2139    1704
13208    1704
17061    1704
628    1704
35    1704
2420    1512
13994    1512
16616    1512
593    1512
41    1512
1750    1671
12116    1671
17332    1671
526    1671
39    1671
2082    1754
12630    1754
17085    1754
627    1754
47    1754
1903    1722
12665    1722
17122    1722
508    1722
31    1722
1813    1630
12936    1630
17093    1630
623    1630
54    1630
2347    1582
13516    1582
16782    1582
560    1582
47    1582
1775    1627
12278    1627
17600    1627
542    1627
54    1627
2170    1695
13304    1695
16861    1695
579    1695
35    1695
2248    1750
13316    1750
16463    1750
557    1750
43    1750
1986    1693
12699    1693
16828    1693
574    1693
44    1693
2018    1719
12962    1719
17309    1719
576    1719
43    1719
1820    1582
12587    1582
17266    1582
590    1582
42    1582
1993    1742
12678    1742
16994    1742
537    1742
44    1742
2297    1611
14209    1611
16562    1611
547    1611
30    1611
1896    1732
12749    1732
17162    1732
602    1732
32    1732
2619    1599
14600    1599
16659    1599
613    1599
40    1599
1839    1613
12187    1613
17202    1613
496    1613
36    1613
1960    1653
12878    1653
17212    1653
553    1653
35    1653
214    1555
4435    1555
15286    1555
244    1555
54    1555
190    1680
4118    1680
15346    1680
184    1680
50    1680
238    1548
4856    1548
16029    1548
215    1548
41    1548
165    1495
3855    1495
15068    1495
186    1495
28    1495
225    1602
4293    1602
15658    1602
239    1602
44    1602
141    1716
3896    1716
14749    1716
225    1716
55    1716
174    1571
3805    1571
14790    1571
160    1571
36    1571
273    1553
4395    1553
15450    1553
224    1553
37    1553
139    1732
3767    1732
14609    1732
167    1732
27    1732
214    1640
4391    1640
15329    1640
199    1640
38    1640
156    1554
4287    1554
15818    1554
185    1554
37    1554
240    1586
4198    1586
15274    1586
216    1586
46    1586
170    1714
4129    1714
15348    1714
201    1714
40    1714
172    1595
3826    1595
14901    1595
194    1595
41    1595
199    1701
4137    1701
15422    1701
192    1701
48    1701
239    1680
4574    1680
15765    1680
219    1680
36    1680
160    1626
3717    1626
14888    1626
202    1626
38    1626
246    1717
4876    1717
16222    1717
226    1717
45    1717
136    1500
3700    1500
14821    1500
140    1500
47    1500
180    1559
4320    1559
15245    1559
192    1559
48    1559
5    793
840    793
7740    793
29    793
23    793
21    813
899    813
6969    813
29    813
19    813
11    935
1054    935
8001    935
66    935
31    935
10    846
906    846
6507    846
34    846
18    846
10    844
1035    844
7389    844
52    844
24    844
8    960
858    960
6828    960
54    960
23    960
16    751
844    751
7044    751
51    751
29    751
17    952
1126    952
7960    952
39    952
21    952
7    811
810    811
6731    811
38    811
13    811
14    815
886    815
7622    815
55    815
26    815
2    751
688    751
7054    751
35    751
25    751
15    875
855    875
7864    875
52    875
23    875
14    832
896    832
7115    832
56    832
32    832
5    787
814    787
6841    787
37    787
15    787
5    875
928    875
7578    875
40    875
31    875
20    924
968    924
7740    924
52    924
34    924
1    704
651    704
6733    704
23    704
22    704
8    994
1068    994
8076    994
55    994
31    994
14    756
751    756
6406    756
47    756
14    756
11    812
859    812
7450    812
23    812
9    812
0    228
136    228
1841    228
4    228
2    228
0    269
154    269
2122    269
12    269
4    269
0    321
262    321
2627    321
9    321
12    321
0    242
156    242
1833    242
4    242
5    242
0    289
229    289
2484    289
6    289
7    289
2    372
276    372
2277    372
22    372
18    372
0    276
208    276
2306    276
9    276
8    276
2    236
176    236
2160    236
6    236
9    236
0    255
140    255
1750    255
8    255
6    255
0    293
181    293
2435    293
9    293
12    293
1    172
94    172
1512    172
13    172
3    172
0    310
178    310
2496    310
18    310
11    310
1    370
293    370
2606    370
16    370
6    370
0    235
155    235
1970    235
14    235
16    235
4    235
192    235
2050    235
12    235
2    235
0    301
189    301
2615    301
4    301
3    301
0    148
75    148
1386    148
4    148
3    148
1    329
172    329
2774    329
13    329
11    329
1    231
133    231
2226    231
2    231
5    231
0    178
87    178
1488    178
9    178
13    178
0    11
7    11
113    11
0    11
0    11
0    26
23    26
319    26
0    26
0    26
1    131
86    131
845    131
8    131
16    131
0    111
60    111
546    111
0    111
1    111
0    34
19    34
388    34
1    34
0    34
0    299
234    299
1153    299
27    299
26    299
0    31
14    31
464    31
0    31
0    31
0    68
47    68
519    68
12    68
5    68
0    80
40    80
413    80
2    80
0    80
0    109
38    109
535    109
2    109
0    109
0    40
22    40
298    40
1    40
0    40
0    39
23    39
513    39
0    39
2    39
0    116
51    116
989    116
2    116
0    116
0    96
52    96
516    96
4    96
6    96
0    101
99    101
808    101
2    101
10    101
0    38
38    38
243    38
1    38
2    38
0    22
18    22
253    22
1    22
0    22
0    200
117    200
799    200
5    200
3    200
0    32
25    32
341    32
1    32
0    32
1    59
39    59
538    59
1    59
4    59
0    0
0    0
10    0
0    0
0    0
0    0
3    0
26    0
0    0
0    0
0    117
61    117
369    117
3    117
3    117
0    16
8    16
112    16
4    16
0    16
0    1
0    1
19    1
0    1
0    1
0    188
182    188
906    188
31    188
18    188
0    2
0    2
19    2
0    2
0    2
11    215
145    215
499    215
33    215
19    215
0    4
5    4
66    4
0    4
1    4
0    8
6    8
72    8
1    8
2    8
0    1
0    1
17    1
0    1
0    1
0    3
3    3
50    3
0    3
0    3
0    6
0    6
40    6
0    6
0    6
2    56
31    56
288    56
7    56
8    56
0    33
24    33
343    33
0    33
0    33
5    28
9    28
55    28
15    28
2    28
0    0
2    0
13    0
0    0
0    0
0    84
54    84
388    84
4    84
3    84
0    4
6    4
84    4
0    4
0    4
0    6
4    6
114    6
1    6
1    6
0    0
0    0
0    0
0    0
0    0
0    1
3    1
7    1
0    1
0    1
1    120
148    120
284    120
16    120
3    120
2    51
46    51
100    51
7    51
5    51
0    0
0    0
3    0
0    0
0    0
0    228
144    228
905    228
18    228
15    228
0    0
0    0
1    0
0    0
0    0
7    461
317    461
1144    461
80    461
62    461
0    1
0    1
7    1
0    1
0    1
5    62
68    62
110    62
18    62
10    62
0    0
0    0
0    0
0    0
0    0
0    1
0    1
5    1
0    1
0    1
0    0
0    0
4    0
0    0
0    0
0    134
55    134
532    134
10    134
14    134
0    0
1    0
16    0
0    0
0    0
27    203
154    203
273    203
60    203
60    203
0    0
0    0
0    0
0    0
0    0
0    31
14    31
224    31
8    31
4    31
0    0
0    0
0    0
0    0
0    0
0    0
0    0
0    0
0    0
0    0
0    1
2    1
3    1
0    1
0    1
0    0
0    0
2    0
0    0
0    0
2    224
154    224
970    224
11    224
11    224
11    213
168    213
498    213
43    213
36    213
0    0
0    0
0    0
0    0
0    0
0    129
59    129
685    129
12    129
4    129
0    0
0    0
0    0
0    0
0    0
16    927
642    927
2451    927
104    927
81    927
0    0
0    0
0    0
0    0
0    0
15    642
543    642
1378    642
95    642
78    642
0    0
0    0
0    0
0    0
0    0
0    1
2    1
4    1
0    1
0    1
0    0
0    0
0    0
0    0
0    0
0    94
25    94
405    94
5    94
0    94
0    0
0    0
0    0
0    0
0    0
244    2291
2022    2291
2741    2291
722    2291
399    2291
0    0
0    0
0    0
0    0
0    0
1    44
12    44
152    44
5    44
3    44
0    1
0    1
0    1
0    1
0    1
0    0
0    0
0    0
0    0
0    0
263    82
487    82
187    82
151    82
19    82
0    0
0    0
4    0
0    0
0    0
1    258
110    258
957    258
18    258
17    258
29    751
601    751
1695    751
130    751
101    751
0    0
0    0
0    0
0    0
0    0
0    60
35    60
276    60
2    60
4    60
0    0
0    0
0    0
0    0
0    0
6    1006
657    1006
3542    1006
116    1006
76    1006
0    0
0    0
0    0
0    0
0    0
16    1365
1079    1365
3291    1365
189    1365
130    1365
0    0
0    0
0    0
0    0
0    0
0    4
0    4
19    4
0    4
0    4
0    0
0    0
0    0
0    0
0    0
0    42
14    42
153    42
1    42
0    42
0    0
0    0
0    0
0    0
0    0
334    4268
4189    4268
6776    4268
1397    4268
755    4268
0    0
0    0
0    0
0    0
0    0
0    35
24    35
60    35
10    35
6    35
0    1
0    1
3    1
0    1
0    1
0    0
0    0
0    0
0    0
0    0
1971    2833
7513    2833
5694    2833
1787    2833
376    2833
0    0
0    0
8    0
0    0
0    0
2    204
143    204
586    204
22    204
17    204
49    1963
1626    1963
4089    1963
310    1963
222    1963
0    0
0    0
0    0
0    0
0    0
0    15
4    15
136    15
0    15
0    15
0    0
0    0
0    0
0    0
0    0
10    856
631    856
3041    856
80    856
64    856
0    0
0    0
0    0
0    0
0    0
40    1480
1007    1480
4353    1480
203    1480
139    1480
0    0
0    0
0    0
0    0
0    0
0    2
0    2
5    2
0    2
0    2
0    0
0    0
0    0
0    0
0    0
0    39
23    39
138    39
0    39
1    39
0    0
0    0
0    0
0    0
0    0
303    4931
4356    4931
8146    4931
1195    4931
716    4931
0    0
0    0
0    0
0    0
0    0
2    95
71    95
192    95
12    95
11    95
0    1
0    1
3    1
0    1
0    1
0    0
0    0
0    0
0    0
0    0
976    4412
7675    4412
11244    4412
1554    4412
464    4412
0    0
0    0
0    0
0    0
0    0
2    315
190    315
1139    315
21    315
29    315
59    2279
1843    2279
5352    2279
370    2279
277    2279
0    0
0    0
0    0
0    0
0    0
0    2
0    2
18    2
0    2
0    2
0    0
0    0
0    0
0    0
0    0
12    737
469    737
2854    737
71    737
55    737
0    0
0    0
0    0
0    0
0    0
43    1736
1306    1736
4918    1736
228    1736
155    1736
0    0
0    0
0    0
0    0
0    0
0    31
40    31
57    31
3    31
0    31
0    0
0    0
0    0
0    0
0    0
0    14
1    14
100    14
0    14
0    14
0    0
0    0
0    0
0    0
0    0
141    4322
3780    4322
8263    4322
979    4322
592    4322
0    0
0    0
0    0
0    0
0    0
2    414
319    414
646    414
43    414
55    414
0    5
1    5
17    5
0    5
0    5
0    0
0    0
0    0
0    0
0    0
