45813    0    0    0    0    0
45911    1000    0    0    0    0
45847    1000    0    0    0    0
46107    0    0    0    0    0
45724    1000    0    0    0    0
46414    0    0    0    0    0
46072    1000    0    0    0    0
45968    0    0    0    0    0
45980    1000    0    0    0    0
46172    1000    0    0    0    0
45871    1000    0    0    0    0
45916    1000    0    0    0    0
45913    1000    0    0    0    0
46229    1000    0    0    0    0
45771    0    0    0    0    0
45914    0    0    0    0    0
45596    0    0    0    0    0
46302    0    0    0    0    0
45836    1000    0    0    0    0
46099    1000    0    0    0    0
45844    0    0    0    0    0
46012    1000    0    0    0    0
46080    1000    0    0    0    0
45623    0    0    0    0    0
46094    1000    0    0    0    0
45691    1000    0    0    0    0
45868    0    0    0    0    0
46329    1000    0    0    0    0
45720    1000    0    0    0    0
45911    0    0    0    0    0
46096    0    0    0    0    0
45731    0    0    0    0    0
46062    0    0    0    0    0
45358    0    0    0    0    0
45765    1000    0    0    0    0
45956    0    0    0    0    0
45774    0    0    0    0    0
45842    1000    0    0    0    0
45679    1000    0    0    0    0
45676    1000    0    0    0    0
45704    0    0    0    0    0
45971    0    0    0    0    0
45906    0    0    0    0    0
45884    1000    0    0    0    0
45978    1000    0    0    0    0
45909    0    0    0    0    0
45985    1000    0    0    0    0
45933    1000    0    0    0    0
45817    0    0    0    0    0
46109    0    0    0    0    0
45950    1000    0    0    0    0
45929    0    0    0    0    0
45852    1000    0    0    0    0
46077    1000    0    0    0    0
45767    0    0    0    0    0
46229    0    0    0    0    0
45571    1000    0    0    0    0
45599    0    0    0    0    0
45840    0    0    0    0    0
46110    0    0    0    0    0
46006    0    0    0    0    0
46164    1000    0    0    0    0
46130    1000    0    0    0    0
46199    1000    0    0    0    0
45911    1000    0    0    0    0
45796    0    0    0    0    0
45862    0    0    0    0    0
45702    1000    0    0    0    0
45887    0    0    0    0    0
45908    0    0    0    0    0
45881    0    0    0    0    0
45731    0    0    0    0    0
46076    1000    0    0    0    0
46160    1000    0    0    0    0
45879    0    0    0    0    0
45983    1000    0    0    0    0
45672    1000    0    0    0    0
45691    1000    0    0    0    0
46008    0    0    0    0    0
45538    1000    0    0    0    0
45750    0    0    0    0    0
45989    0    0    0    0    0
45577    0    0    0    0    0
46199    1000    0    0    0    0
45798    0    0    0    0    0
45542    1000    0    0    0    0
45603    1000    0    0    0    0
45644    0    0    0    0    0
45839    1000    0    0    0    0
46114    0    0    0    0    0
46117    0    0    0    0    0
45971    0    0    0    0    0
46231    1000    0    0    0    0
45947    1000    0    0    0    0
46170    0    0    0    0    0
45816    1000    0    0    0    0
45851    0    0    0    0    0
45963    1000    0    0    0    0
45909    0    0    0    0    0
45841    1000    0    0    0    0
53059    0    0    0    0    0
49831    1861    71    958    0    37
49421    2126    81    1131    3    50
51436    859    2    661    0    2
50007    1773    44    859    4    27
51817    340    0    279    0    0
49237    2110    61    1112    10    53
51371    781    1    604    0    0
49326    2000    94    1006    8    55
49470    2075    61    1060    5    41
48908    2373    71    1219    17    48
49848    2003    69    948    7    46
49457    2169    71    1052    5    43
49170    2168    78    1102    4    53
53097    99    0    96    0    0
52127    482    0    478    0    0
51082    937    1    672    1    2
51170    722    1    602    1    2
48972    2211    83    1082    5    50
49725    1928    44    907    0    32
52698    0    0    0    0    0
49957    1923    62    963    3    18
49732    1996    58    990    3    30
52813    0    0    0    0    0
49363    2191    67    1119    6    66
49871    2004    69    966    4    49
52324    294    0    245    0    0
49476    1948    79    913    3    37
49387    2142    69    1015    7    38
53076    1    0    0    0    0
52002    411    0    432    0    0
51799    362    0    291    0    0
50421    1355    25    887    1    13
50675    1145    8    794    1    3
50028    1870    66    963    0    38
50786    952    1    616    0    2
50881    1105    3    793    0    0
49763    2208    58    1065    9    38
49762    2016    88    884    4    37
49576    2021    71    968    5    50
51781    543    0    490    0    0
52354    15    0    20    0    0
52836    0    0    0    0    0
49116    2017    69    1018    1    40
49407    2035    44    1082    9    45
52673    0    0    0    0    0
50034    2077    86    1025    3    46
49430    2092    51    990    6    38
52723    0    0    0    0    0
51494    1078    1    746    0    1
49486    1907    56    1071    4    28
51086    1244    2    901    1    2
49789    2088    83    961    8    44
49088    2001    86    1005    2    38
53045    0    0    0    0    0
51212    771    1    638    0    0
49629    1955    80    971    8    39
52646    0    0    0    0    0
50805    1327    2    871    1    10
49975    1363    30    1002    2    21
51556    725    0    566    0    0
49846    1952    65    947    6    50
49480    1979    59    1007    2    43
49617    2095    65    962    1    30
49586    2066    69    1080    1    22
53056    0    0    0    0    0
52620    173    0    168    0    0
49640    1871    89    903    2    33
49861    1288    7    979    0    12
52222    315    0    282    0    1
51712    334    0    274    0    0
51815    303    0    278    0    0
49781    1894    66    875    6    35
49639    2093    71    987    2    33
52607    0    0    0    0    0
49556    2030    73    1043    6    45
49668    2072    61    1061    1    40
49927    1759    68    794    0    28
52607    0    0    0    0    0
49313    2173    78    1098    3    46
51034    1030    1    852    0    0
50745    1087    6    782    0    5
52218    233    0    228    0    0
49560    1978    57    1028    2    46
50957    996    4    826    0    1
50107    1884    71    889    2    40
49738    1699    53    921    0    25
51987    613    0    543    0    3
49490    2183    66    1154    5    72
52653    0    0    0    0    0
50406    1238    14    863    4    11
52726    0    0    0    0    0
49711    1969    56    922    3    43
49694    1705    75    890    0    44
52827    0    0    0    0    0
49844    1955    61    816    2    25
52898    0    0    0    0    0
49068    2091    76    1005    2    39
52855    0    0    0    0    0
50110    2000    73    876    4    28
45885    0    0    0    0    0
45752    0    0    0    0    0
45956    1000    0    0    0    0
46006    0    0    0    0    0
46213    0    0    0    0    0
46093    1000    0    0    0    0
45700    0    0    0    0    0
45747    1000    0    0    0    0
45850    1000    0    0    0    0
46119    1000    0    0    0    0
46004    1000    0    0    0    0
45950    1000    0    0    0    0
45579    0    0    0    0    0
45894    1000    0    0    0    0
45849    1000    0    0    0    0
46145    1000    0    0    0    0
45681    0    0    0    0    0
45997    1000    0    0    0    0
45792    0    0    0    0    0
45818    1000    0    0    0    0
45905    1000    0    0    0    0
45753    0    0    0    0    0
45811    1000    0    0    0    0
45669    1000    0    0    0    0
45934    0    0    0    0    0
45877    1000    0    0    0    0
45802    1000    0    0    0    0
46097    1000    0    0    0    0
45753    0    0    0    0    0
45796    0    0    0    0    0
45651    1000    0    0    0    0
46235    0    0    0    0    0
45939    1000    0    0    0    0
46228    0    0    0    0    0
45794    1000    0    0    0    0
45921    1000    0    0    0    0
45792    0    0    0    0    0
45890    0    0    0    0    0
45527    0    0    0    0    0
46192    1000    0    0    0    0
45907    0    0    0    0    0
45926    1000    0    0    0    0
45912    1000    0    0    0    0
46132    1000    0    0    0    0
46042    1000    0    0    0    0
45790    1000    0    0    0    0
45850    1000    0    0    0    0
45485    0    0    0    0    0
45924    1000    0    0    0    0
45719    0    0    0    0    0
45774    0    0    0    0    0
46059    0    0    0    0    0
45671    1000    0    0    0    0
45944    1000    0    0    0    0
46330    0    0    0    0    0
45837    1000    0    0    0    0
45911    0    0    0    0    0
45908    0    0    0    0    0
45797    1000    0    0    0    0
46363    1000    0    0    0    0
45670    1000    0    0    0    0
46011    0    0    0    0    0
46058    1000    0    0    0    0
45999    1000    0    0    0    0
46128    1000    0    0    0    0
45977    0    0    0    0    0
46221    0    0    0    0    0
45941    0    0    0    0    0
45609    0    0    0    0    0
45303    1000    0    0    0    0
45797    0    0    0    0    0
45743    0    0    0    0    0
45901    1000    0    0    0    0
46130    0    0    0    0    0
45846    1000    0    0    0    0
45737    0    0    0    0    0
45922    1000    0    0    0    0
45789    1000    0    0    0    0
45625    0    0    0    0    0
45911    0    0    0    0    0
45575    1000    0    0    0    0
45864    1000    0    0    0    0
46027    0    0    0    0    0
46131    1000    0    0    0    0
45692    1000    0    0    0    0
46197    0    0    0    0    0
45858    1000    0    0    0    0
45596    0    0    0    0    0
45629    0    0    0    0    0
45983    1000    0    0    0    0
45566    0    0    0    0    0
46070    0    0    0    0    0
45866    0    0    0    0    0
46101    0    0    0    0    0
45832    0    0    0    0    0
46022    0    0    0    0    0
45854    0    0    0    0    0
45885    0    0    0    0    0
46294    0    0    0    0    0
46092    0    0    0    0    0
52858    1    0    0    0    0
51141    970    1    797    1    2
49502    1995    65    1084    8    44
52071    365    0    431    0    0
52586    0    0    0    0    0
49736    1812    89    968    1    41
53001    0    0    0    0    0
49874    2052    64    899    1    34
48617    2471    100    1176    8    57
48994    2222    95    1203    4    48
50269    1749    66    834    5    51
49819    1958    52    1043    3    39
51813    426    0    396    0    0
50081    1927    69    897    5    33
49355    2162    112    1106    5    36
49099    2092    79    1111    10    38
52620    0    0    0    0    0
49607    1883    102    908    10    88
52911    0    0    0    0    0
49718    1951    55    1004    6    39
49332    1859    49    864    9    51
52581    0    0    0    0    0
49583    2100    78    1096    9    53
49495    2035    69    1006    7    47
51947    530    0    528    1    0
49185    2000    99    1037    7    48
49209    2177    74    1090    3    46
50011    1956    92    845    3    44
52842    0    0    0    0    0
52640    0    0    0    0    0
49981    1879    67    904    0    27
51701    401    0    373    0    0
48836    2378    99    1272    2    44
50532    1319    36    861    2    22
49039    2227    81    1136    2    30
49458    1890    57    1003    1    31
52528    0    0    0    0    0
50727    1172    14    813    1    7
50741    992    5    777    0    1
49601    1964    71    956    2    33
52430    0    0    0    0    0
49869    1892    63    829    1    33
49514    2169    85    1080    7    45
49415    2132    71    1101    2    35
49031    2089    65    1228    6    44
49368    2090    81    1058    6    45
49746    2035    55    902    3    48
52266    219    0    165    0    0
49619    2162    68    1127    6    62
52072    503    0    427    0    1
50963    890    1    765    0    0
53006    0    0    0    0    0
50079    1804    70    864    2    36
49670    1776    62    822    2    38
52142    199    0    205    0    0
49986    1946    69    965    1    27
52510    333    0    321    0    0
51925    942    4    556    0    2
49607    1976    64    983    1    38
49718    1946    76    991    0    44
49731    2085    76    952    3    44
52018    236    0    241    0    0
49165    2138    80    1086    4    46
49321    2029    60    1023    2    29
49901    1889    70    1083    3    43
52542    0    0    0    0    0
50456    1180    14    816    1    9
51852    435    0    342    0    0
52676    0    0    0    0    0
49859    2058    80    932    0    32
50924    1049    3    822    2    1
52855    68    0    71    0    0
49258    2173    86    1206    6    66
50724    1048    6    771    2    1
49800    1828    45    853    4    27
50134    1350    16    850    0    13
49202    1993    85    1096    1    58
49202    2084    58    1051    3    33
52561    37    0    37    0    0
51737    658    1    521    0    0
49865    1894    69    1044    2    35
49553    2034    79    1036    7    51
52632    0    0    0    0    0
49356    2099    82    1066    8    32
49749    1850    85    850    1    27
51864    495    0    427    0    0
49758    2009    56    979    3    40
52491    164    0    158    0    0
50789    1158    0    825    0    2
49519    2173    82    1117    4    43
51080    991    0    759    0    2
50824    1163    6    724    0    8
52533    0    0    0    0    0
52803    0    0    0    0    0
50578    1304    24    885    0    22
51308    792    1    592    0    1
51031    1059    1    695    0    1
52816    0    0    0    0    0
52049    533    0    462    0    3
51488    895    2    633    1    1
