0.709803   0.428294
0.280707   1.47208
0.862584   1.49356
0.746849   1.47959
0.0361328   0.864081
1.88026   1.39004
1.14042   0.899997
0.107604   1.2118
0.855163   0.31258
1.87735   1.68188
1.20827   1.8748
1.61415   0.37316
1.80819   0.466262
0.0756605   0.809684
0.562839   0.210309
1.40402   0.134233
1.60373   0.428776
1.84414   1.71713
0.240764   1.88644
1.4144   0.488612
0.242665   1.06135
1.05363   1.30577
0.703141   0.921724
0.241863   0.524931
0.0761165   0.0646774
0.627661   1.19658
1.17714   1.57558
1.91914   0.670172
1.96438   1.95253
1.85413   0.243274
0.975655   1.46649
0.374819   0.260409
0.744621   1.3973
1.04638   0.824479
0.364099   0.394031
1.27578   1.96411
0.122362   0.742587
1.45869   1.00739
1.9197   0.0909874
1.96962   1.0459
0.983744   1.39963
1.43038   1.2187
1.45831   1.27578
1.49732   0.923856
0.540879   0.5762
0.633564   1.67973
0.86712   0.332443
0.961749   0.057244
1.74881   1.23914
1.90304   1.48406
1.15052   0.243331
0.499274   0.0925984
0.378173   1.13431
1.08858   1.48592
1.57564   0.0252625
0.0761357   0.907246
1.57138   0.587898
1.33237   1.27734
1.99219   0.18204
0.194872   1.44222
0.365707   1.49915
0.382028   0.0831062
1.06054   1.78164
0.190978   1.55462
0.208508   1.79507
1.67051   1.93896
0.0645458   0.695093
1.83567   0.619629
1.06519   1.78268
0.206523   1.72274
0.659493   1.48234
1.5211   1.12086
1.3381   0.156882
1.30302   0.552848
1.62135   0.0713849
1.57562   0.746576
0.14359   0.0644579
0.110189   1.16654
0.649498   1.90576
1.998   1.50163
1.96736   0.0024438
1.68362   0.286031
1.7738   0.200756
0.731489   0.579508
0.933517   0.982603
1.00846   1.04867
0.866609   0.530962
1.85363   0.466599
1.75506   1.47536
1.51729   1.72675
0.128129   0.815382
0.286421   0.90133
1.93721   0.0897688
0.255678   0.719864
0.659847   0.00784443
0.0538203   0.202366
0.919269   1.8384
0.887832   0.0412513
0.806383   0.72592
0.746436   1.3647
1.2995   1.80033
1.37179   0.130025
0.118351   1.27685
0.333785   1.86238
1.13791   1.10341
0.98163   0.247858
0.37757   1.01398
1.78874   0.0988419
0.0613233   0.85902
1.58099   1.50195
1.92152   0.608339
1.57295   1.77473
1.69481   0.0252825
1.75063   1.79241
0.497922   0.146606
1.93305   1.77229
0.753128   0.871855
1.41835   0.1355
1.28203   0.286458
1.87634   0.359868
1.92484   0.925646
0.946249   0.402784
1.77136   0.796825
0.212455   0.311832
1.57902   1.6159
1.04205   1.41986
1.37506   1.27376
0.0847085   1.07774
1.87319   1.41391
0.781996   1.13602
1.06444   0.108663
0.844063   0.510216
0.621464   1.3938
0.255132   1.18483
1.89366   0.320678
0.387047   1.95869
1.95955   1.26343
1.66151   0.908771
1.90191   0.691042
0.114098   0.261515
1.97944   1.55575
0.91558   0.617741
0.109364   0.835417
0.79591   0.284393
1.33259   0.619504
1.42758   1.95089
0.528845   1.0833
0.160167   0.925583
0.646459   1.04437
1.68055   1.1853
1.61145   1.66688
0.297001   1.52642
0.665763   0.670116
0.181116   0.154632
0.0578326   1.65136
1.58505   0.615798
0.977332   0.734387
1.73937   1.98885
0.299034   1.26549
0.162303   0.426158
1.53736   1.41016
0.940227   1.52872
0.212098   1.1738
1.70652   0.804778
0.123038   0.789126
0.958505   1.98987
0.146895   0.0973823
0.587261   1.96203
0.267767   1.68042
1.03647   0.530632
1.16529   1.77119
1.66725   0.067244
1.10858   1.8365
1.99351   0.573956
0.759263   0.241771
0.0587503   0.799137
1.12801   0.915012
1.59876   1.20949
1.33067   0.450457
0.429946   1.42486
0.47675   1.97034
0.557482   1.2624
0.371352   1.72378
1.09668   0.10596
1.62451   0.342321
1.18601   1.74472
0.468672   1.35551
0.136016   0.56211
0.537104   1.9344
0.546117   0.0474011
0.528587   0.713431
1.94771   1.73838
0.708042   1.85816
0.525904   0.914111
1.55912   1.11807
1.4408   0.660257
0.510576   0.279716
1.31292   1.44598
1.31702   0.577754
1.49245   1.7083
