0.913037   1.64315
0.40362   1.46005
0.399742   1.49621
0.2499   0.226643
1.26664   1.31405
0.914636   0.84893
0.707723   0.978031
1.84792   1.7257
1.0534   0.363993
0.385349   0.655188
0.039429   1.6874
1.5298   1.64543
1.40444   1.73641
0.863458   0.312723
1.35894   0.187059
0.667777   0.782031
0.9743   1.61025
0.171882   1.17621
0.499996   1.53
1.98123   1.69557
1.58394   0.614474
1.73887   0.786097
1.29409   1.29697
1.64644   0.12613
1.88753   1.64467
0.789698   0.608929
1.73557   0.407493
1.40639   0.0240588
1.06301   0.549731
1.71559   1.72906
1.30854   1.87667
0.613242   0.104131
0.215129   1.01967
0.286728   0.97023
1.58634   0.814436
1.1698   0.936238
0.499035   0.00298694
0.737314   0.128662
1.0035   1.90956
0.610887   1.16098
1.34701   0.608055
0.201349   1.70924
1.84767   0.0597974
0.495662   0.722686
0.0745778   0.8312
1.55714   1.57641
0.131189   0.248757
0.778854   1.75902
1.43501   0.627372
0.575367   0.153879
0.883444   0.479331
0.142267   0.205529
0.591165   0.54413
0.806452   0.465074
0.506347   0.748709
1.44203   0.0844019
0.471693   1.97543
1.76738   0.204773
1.47164   1.05099
0.421979   1.85011
1.6396   1.53262
0.649265   0.0887419
0.174857   1.00263
0.535947   1.85989
0.103726   1.84455
0.243121   1.35498
0.182087   1.5956
1.48141   1.80462
1.36997   0.0750773
0.772179   1.59403
0.610477   1.68716
0.794115   1.71124
1.59071   1.21629
0.790441   1.27877
0.994053   0.399949
0.425455   0.0738929
0.546453   1.28533
0.316479   1.70855
1.20962   0.927431
1.53076   1.18026
1.71621   0.251952
1.06138   1.51898
1.00155   1.2354
1.17149   0.762004
0.300202   1.72734
0.785079   1.99149
1.52015   1.55112
1.54541   0.491602
1.80036   1.92175
1.04952   0.488533
1.85619   1.94009
0.526358   0.816203
1.20592   0.959703
1.12518   0.648285
0.198082   1.09252
0.147194   0.222199
1.07008   0.330602
1.11883   0.624094
0.680273   1.25342
0.70988   0.00340122
0.643118   0.637982
1.23199   1.53321
0.951673   1.45668
1.32259   0.151812
1.57911   1.28617
0.995047   0.433189
1.04996   0.38468
1.25183   1.53334
1.0427   1.56568
0.76876   0.259103
0.717241   1.9969
0.660536   1.1478
1.74222   1.76553
1.65084   1.09085
1.63397   0.937289
0.617286   1.13466
0.82004   1.79207
1.8133   1.76633
0.757228   0.735372
0.655784   0.435022
1.8777   0.350604
1.72054   0.822492
1.02136   1.97118
0.694999   1.46745
1.02573   0.21135
0.124992   1.84023
0.796791   1.01893
1.12585   1.70087
1.58586   0.32633
1.65736   0.649993
0.186172   1.91734
0.549441   0.210896
1.79585   0.407041
0.414269   0.563266
0.506105   1.73024
0.234203   1.41586
1.88292   0.468218
0.409287   0.103731
1.73355   0.236803
0.154915   1.94782
0.969101   0.257195
0.672323   0.837712
0.158668   0.806247
0.899952   1.23706
0.0881471   0.234852
0.698365   0.44931
0.837458   0.862099
0.563229   0.499099
1.48213   0.777285
0.831603   0.011041
0.340128   0.00780516
1.89173   0.48207
0.410514   1.33853
1.57219   0.34207
1.47633   0.942696
0.359102   1.82677
1.05762   1.09224
1.95319   0.150169
0.72329   0.924962
0.421587   1.45564
1.8183   1.12498
1.46004   1.31595
1.7488   1.62769
1.06782   1.87583
0.364729   0.362727
0.958844   0.57449
0.663979   1.78916
0.300642   0.437895
1.79149   0.934189
1.18257   1.60666
0.753628   1.87173
0.0492047   1.94294
1.67948   1.36251
0.0392725   1.59569
1.08887   0.951395
1.68558   0.34079
1.23486   0.817767
0.851455   1.42391
1.91763   1.33543
0.4611   1.30954
0.689031   1.09134
1.7381   0.444239
0.0674604   1.03414
0.133013   1.85098
1.37776   0.992629
1.63703   1.10149
0.133052   1.1347
0.448729   0.19983
1.60992   1.52553
0.885339   1.46495
1.90416   1.83033
0.304066   0.544505
1.24917   0.806345
0.45758   0.355779
1.20295   0.717162
1.51857   1.64754
0.865861   1.45275
0.54527   0.233727
0.518377   0.17897
1.87664   0.850845
0.243913   0.724063
1.98751   1.10347
0.557496   0.725708
0.451689   0.145989
1.44562   1.45199
1.65194   1.21973
1.91645   0.738184
1.76602   0.473541
0.909441   1.83814
1.99168   0.36619
1.23209   0.403532
1.27098   0.636452
0.018276   0.90972
0.943372   1.85757
1.64263   1.4416
1.51924   1.94516
1.85544   1.36002
0.0509816   0.167328
0.809546   0.571415
0.396462   0.392574
1.86843   1.24387
1.78364   1.05118
1.824   0.995917
0.361268   0.463416
1.90216   1.95321
0.988557   0.279845
1.94314   0.442571
0.180037   1.77107
0.969521   0.851546
1.87581   0.463267
0.0698835   1.78745
0.902961   1.15207
0.466386   0.832011
0.320333   0.0540051
0.859324   0.289355
0.872081   1.18899
1.13572   1.85436
0.912291   0.00435841
0.7161   0.877203
0.616338   1.05016
1.37315   1.70413
1.65524   1.0255
1.0815   0.664507
1.10906   0.783649
1.4056   1.61803
0.6838   1.5714
0.182287   0.140693
0.317049   1.42064
1.68926   1.26991
1.46708   1.65018
1.83416   1.75938
0.223474   0.244801
0.449088   1.28974
1.28833   1.00177
1.15107   0.951805
0.417902   0.119008
1.82152   0.195654
0.421069   1.63984
0.0320271   1.75065
0.613842   1.92438
0.921183   0.743539
1.08489   1.19833
1.62261   0.764955
1.31838   1.46614
0.859079   0.0296295
1.45989   0.828091
0.243659   0.488555
1.34804   1.43974
1.48231   1.51247
0.764696   0.680958
1.99159   0.179296
0.92403   0.200021
1.3622   1.58769
1.76043   1.91022
0.0611618   1.10938
0.586167   0.887765
0.625117   1.7824
1.24764   1.24227
0.944846   1.17388
1.1264   1.66269
1.00199   1.22826
1.2297   1.36888
0.751232   0.207587
1.18218   1.90506
0.457396   1.6399
1.1376   0.114104
1.26311   0.794992
1.14847   0.836949
0.615413   0.581298
1.33066   1.04707
0.938803   0.563659
1.20718   1.95267
0.784794   1.14138
0.992032   0.111624
1.71692   0.0673185
1.26527   0.694243
1.31028   1.42799
1.73731   1.43724
1.14913   1.1781
1.3809   0.983759
1.64901   0.503744
0.58532   0.777976
1.06259   0.0559248
0.986383   0.859534
0.496617   1.43254
1.51661   0.679551
0.619991   0.45936
0.523461   1.44504
0.521467   1.28667
0.0653881   0.422711
0.408271   1.3894
1.43259   1.71268
1.37396   0.824827
0.781443   0.632303
0.0658341   0.506808
1.3704   0.229012
0.764909   0.75637
1.48539   1.06997
0.0831559   0.137993
1.86057   0.618461
1.6809   1.33693
0.643334   1.10846
1.73298   1.22673
1.67569   1.56568
0.266006   1.78014
1.02943   1.11634
0.572649   0.517927
1.27297   1.42682
0.610299   0.195467
1.96229   0.858946
0.23985   0.30815
0.154479   0.693796
1.70335   0.329309
0.117105   1.3341
1.04542   0.979463
0.354391   1.51259
1.15643   0.329317
1.98597   0.777956
0.0600591   0.923841
0.688676   1.89643
1.04371   1.64417
0.172758   0.366421
1.289   0.144231
1.52551   0.114018
1.51371   0.185699
1.67439   1.46793
0.288935   1.84401
0.412524   1.27791
1.37625   0.449287
0.237017   1.93441
0.601777   1.33455
1.66342   1.25763
1.18108   0.991012
1.21689   0.806453
0.229715   1.95504
0.676981   1.10756
1.30491   1.03454
1.28817   1.71991
1.72893   0.692993
1.6449   0.29015
0.37721   0.846934
1.85895   0.921931
0.661162   0.553684
1.97575   0.215964
1.02673   0.575258
1.56733   1.72992
1.62917   1.53692
1.85762   1.9853
1.60039   1.60404
0.542286   1.4118
1.41917   1.55303
1.2893   0.861077
0.393716   1.22678
0.172132   0.306568
0.226085   1.35974
1.26342   0.678934
1.56815   0.511759
1.10296   0.574551
0.121306   0.0747538
0.735881   0.259039
0.0405599   0.204714
0.333635   0.27681
1.16286   0.428542
1.27662   0.962779
1.42864   0.941831
1.01687   1.76425
0.348581   0.879361
0.129742   0.0635021
1.42704   1.19851
1.24857   1.07807
1.25689   0.792654
1.40901   1.48024
1.94235   1.19056
1.38772   0.0587906
0.236779   0.31462
1.12406   1.06816
1.07541   0.64704
1.05567   1.44258
1.815   1.98287
0.202134   0.455363
