0     5000000     0     0     0     0     0
10     1315798     0     0     0     0     0
20     3707028     0     0     0     0     0
30     3616288     0     0     0     0     0
40     4360110     0     0     0     0     0
50     4627457     43712     0     0     0     0
60     4887574     12114     0     182     0     0
70     5006470     28102     0     13384     0     0
80     5070357     53742     40     33075     2     15
90     5089373     86136     786     51065     33     467
100     5067159     131496     3954     71879     262     2334
0     5000000     0     0     0     0     0
10     1316199     0     0     0     0     0
20     3702926     0     0     0     0     0
30     3616529     0     0     0     0     0
40     4357021     0     0     0     0     0
50     4627755     43791     0     0     0     0
60     4890002     11907     0     191     0     0
70     5010170     28001     0     13466     0     0
80     5070978     53928     41     33087     2     11
90     5095140     85583     844     50657     20     495
100     5064679     131178     4284     72263     243     2463
