Male populations of each genotype at each site
Day	Site	WW	WD	DD	WR	RR	DR
200	1	38115	0	0	0	0	0
200	2	35221	0	0	0	0	0
200	3	37191	0	0	0	0	0
200	4	36646	0	0	0	0	0
200	5	38227	0	0	0	0	0
200	6	38937	0	0	0	0	0
200	7	37035	0	0	0	0	0
200	8	36770	0	0	0	0	0
200	9	35222	0	0	0	0	0
200	10	35673	0	0	0	0	0
200	11	35719	0	0	0	0	0
200	12	38656	0	0	0	0	0
200	13	35602	0	0	0	0	0
200	14	38280	0	0	0	0	0
200	15	37330	0	0	0	0	0
200	16	36877	0	0	0	0	0
200	17	36711	0	0	0	0	0
200	18	36881	0	0	0	0	0
200	19	36135	0	0	0	0	0
200	20	35989	0	0	0	0	0
200	21	35940	0	0	0	0	0
200	22	38208	0	0	0	0	0
200	23	36668	0	0	0	0	0
200	24	36205	0	0	0	0	0
200	25	36921	0	0	0	0	0
200	26	36766	0	0	0	0	0
200	27	36315	0	0	0	0	0
200	28	35361	0	0	0	0	0
200	29	35547	0	0	0	0	0
200	30	35791	0	0	0	0	0
200	31	36684	0	0	0	0	0
200	32	37544	864	0	0	0	0
200	33	39026	0	0	0	0	0
200	34	37294	0	0	0	0	0
200	35	36935	0	0	0	0	0
200	36	36250	0	0	0	0	0
200	37	35899	0	0	0	0	0
200	38	37048	0	0	0	0	0
200	39	36670	2	0	0	0	0
200	40	36119	0	0	0	0	0
200	41	35931	0	0	0	0	0
200	42	36688	0	0	0	0	0
200	43	35971	0	0	0	0	0
200	44	37043	0	0	0	0	0
200	45	35019	0	0	0	0	0
200	46	35970	0	0	0	0	0
200	47	35517	0	0	0	0	0
200	48	35949	0	0	0	0	0
200	49	36430	0	0	0	0	0
200	50	34902	0	0	0	0	0
200	51	35830	0	0	0	0	0
200	52	35773	0	0	0	0	0
200	53	36635	0	0	0	0	0
200	54	36584	1	0	0	0	0
200	55	35802	0	0	0	0	0
200	56	36788	0	0	0	0	0
200	57	37532	0	0	0	0	0
200	58	36055	0	0	0	0	0
200	59	37745	0	0	0	0	0
200	60	35754	1	0	0	0	0
200	61	36827	0	0	0	0	0
200	62	35961	1	0	0	0	0
200	63	37367	0	0	0	0	0
200	64	38260	2	0	0	0	0
200	65	36129	0	0	0	0	0
200	66	36943	0	0	0	0	0
200	67	35826	0	0	0	0	0
200	68	38326	0	0	0	0	0
200	69	36210	0	0	0	0	0
200	70	37006	0	0	0	0	0
200	71	37218	0	0	0	0	0
200	72	36571	0	0	0	0	0
200	73	36973	0	0	0	0	0
200	74	35939	0	0	0	0	0
200	75	38566	0	0	0	0	0
200	76	35740	0	0	0	0	0
200	77	37622	0	0	0	0	0
200	78	35601	0	0	0	0	0
200	79	35482	0	0	0	0	0
200	80	34733	0	0	0	0	0
200	81	36076	0	0	0	0	0
200	82	37013	0	0	0	0	0
200	83	37421	0	0	0	0	0
200	84	35460	0	0	0	0	0
200	85	36359	0	0	0	0	0
200	86	35727	0	0	0	0	0
200	87	37165	0	0	0	0	0
200	88	36454	0	0	0	0	0
200	89	35764	0	0	0	0	0
200	90	35708	0	0	0	0	0
200	91	37084	0	0	0	0	0
200	92	36308	0	0	0	0	0
200	93	35651	0	0	0	0	0
200	94	36868	0	0	0	0	0
200	95	36813	0	0	0	0	0
200	96	36565	0	0	0	0	0
200	97	37478	0	0	0	0	0
200	98	36007	0	0	0	0	0
200	99	36432	0	0	0	0	0
200	100	36904	0	0	0	0	0
565	1	37794	12	0	3	0	0
565	2	34773	0	0	0	0	0
565	3	37222	0	0	0	0	0
565	4	37220	3	0	0	0	0
565	5	38317	1	0	0	0	0
565	6	38662	0	0	0	0	0
565	7	37143	86	0	2	0	0
565	8	36657	137	0	2	0	0
565	9	35226	2	0	0	0	0
565	10	33837	1633	19	62	0	1
565	11	34064	1457	32	69	0	1
565	12	38047	0	0	0	0	0
565	13	35488	4	0	0	0	0
565	14	38114	1	0	0	0	0
565	15	36613	462	1	16	0	0
565	16	36899	0	0	0	0	0
565	17	36858	20	0	0	0	0
565	18	36671	3	0	0	0	0
565	19	35724	70	0	1	0	0
565	20	36260	0	0	0	0	0
565	21	35377	57	1	0	0	0
565	22	38180	1	0	2	0	0
565	23	36850	0	0	0	0	0
565	24	34781	1330	11	43	0	0
565	25	36919	1	0	0	0	0
565	26	36862	2	0	0	0	0
565	27	35867	95	0	5	0	0
565	28	35477	2	0	0	0	0
565	29	35569	0	0	0	0	0
565	30	35547	290	1	9	0	0
565	31	36673	0	0	0	0	0
565	32	25742	9056	774	405	0	69
565	33	39045	0	0	0	0	0
565	34	35881	867	7	43	0	1
565	35	37053	2	0	0	0	0
565	36	35359	463	0	21	0	0
565	37	35242	608	5	29	0	1
565	38	36777	2	0	0	0	0
565	39	32401	3948	117	170	0	11
565	40	36173	14	0	5	0	0
565	41	35737	112	0	5	0	0
565	42	36808	9	0	0	0	0
565	43	35718	0	0	0	0	0
565	44	36774	11	0	0	0	0
565	45	35560	0	0	0	0	0
565	46	36281	0	0	0	0	0
565	47	35817	0	0	0	0	0
565	48	36182	0	0	0	0	0
565	49	36858	0	0	0	0	0
565	50	34924	0	0	0	0	0
565	51	36347	0	0	0	0	0
565	52	35470	0	0	0	0	0
565	53	36599	0	0	0	0	0
565	54	34630	1726	10	85	0	2
565	55	36227	0	0	0	0	0
565	56	36893	73	1	5	0	0
565	57	37447	134	1	7	0	0
565	58	36383	5	0	0	0	0
565	59	37704	14	0	1	0	0
565	60	33954	1642	26	46	0	1
565	61	36519	2	0	0	0	0
565	62	34309	1593	15	60	0	2
565	63	36966	8	0	0	0	0
565	64	35723	2237	49	103	0	3
565	65	34241	1385	22	58	0	2
565	66	37232	0	0	0	0	0
565	67	36238	0	0	0	0	0
565	68	37600	35	0	1	0	0
565	69	36601	0	0	0	0	0
565	70	36913	2	0	0	0	0
565	71	37256	19	0	1	0	0
565	72	36283	0	0	1	0	0
565	73	36767	10	0	0	0	0
565	74	35971	106	0	5	0	0
565	75	38881	0	0	0	0	0
565	76	35741	0	0	0	0	0
565	77	37489	5	0	0	0	0
565	78	35646	6	0	0	0	0
565	79	35380	0	0	0	0	0
565	80	35043	0	0	0	0	0
565	81	35851	129	0	11	0	0
565	82	37280	0	0	1	0	0
565	83	36799	6	0	0	0	0
565	84	35352	0	0	0	0	0
565	85	36338	0	0	0	0	0
565	86	35540	47	0	4	0	0
565	87	36953	1	0	0	0	0
565	88	36051	0	0	0	0	0
565	89	35650	0	0	0	0	0
565	90	35955	15	0	1	0	0
565	91	37274	0	0	3	0	0
565	92	36387	0	0	0	0	0
565	93	35804	0	0	0	0	0
565	94	35863	463	1	35	0	1
565	95	37165	20	0	0	0	0
565	96	36704	179	0	13	0	0
565	97	36773	22	0	4	0	0
565	98	36282	0	0	0	0	0
565	99	36671	35	0	2	0	0
565	100	37251	2	0	1	0	0
930	1	22339	11339	1688	508	3	156
930	2	34347	694	14	31	0	2
930	3	35395	1355	15	81	0	1
930	4	31701	4213	191	193	0	14
930	5	36319	1333	10	56	0	1
930	6	37414	1123	14	36	0	0
930	7	14697	14545	3677	603	6	349
930	8	15077	13862	3282	630	4	299
930	9	34534	724	6	33	0	1
930	10	72	1896	8333	79	30	918
930	11	96	1723	8316	81	31	930
930	12	37587	656	6	36	0	0
930	13	28834	5384	270	193	1	16
930	14	34902	2672	48	132	1	6
930	15	565	5802	12141	319	37	1299
930	16	36131	523	4	29	0	0
930	17	26773	8249	729	375	5	57
930	18	35246	1148	15	54	0	2
930	19	9707	15006	5418	671	7	502
930	20	34101	1788	34	91	0	7
930	21	14396	13979	3290	688	5	309
930	22	36442	1784	21	74	2	2
930	23	36682	87	0	2	0	0
930	24	759	5486	10753	239	21	1176
930	25	33523	2877	93	96	0	6
930	26	33663	2737	58	117	0	6
930	27	13750	14155	3672	551	6	325
930	28	29726	4688	196	214	0	23
930	29	35506	131	1	2	0	0
930	30	4534	13157	9081	654	23	871
930	31	36733	96	0	5	0	0
930	32	109	1918	8015	91	38	928
930	33	38057	731	9	28	0	0
930	34	2211	9619	10996	433	37	1137
930	35	35837	1052	15	39	0	1
930	36	900	6867	12188	329	31	1260
930	37	513	5087	11892	250	28	1268
930	38	32987	3073	92	121	0	11
930	39	50	1691	7834	80	32	1012
930	40	33983	1956	24	65	0	3
930	41	9592	15066	5654	652	10	489
930	42	31184	4414	165	198	0	25
930	43	35266	540	2	28	0	0
930	44	25957	8448	748	331	2	70
930	45	34587	469	7	30	1	0
930	46	34520	1165	9	45	0	2
930	47	35630	219	0	7	0	0
930	48	35138	810	7	34	0	0
930	49	33817	2228	49	96	0	8
930	50	34627	55	0	1	0	0
930	51	35013	974	7	46	0	1
930	52	35325	377	4	12	0	1
930	53	33431	2553	60	125	0	14
930	54	673	5184	10412	254	27	1169
930	55	34711	927	17	39	0	2
930	56	12587	14552	4541	662	10	414
930	57	11835	15173	4897	640	10	422
930	58	32833	2930	75	136	0	6
930	59	30259	5993	342	224	2	35
930	60	430	3740	9516	199	36	1143
930	61	34432	2049	70	81	0	5
930	62	527	4334	9811	250	32	1062
930	63	27274	7475	590	320	0	58
930	64	1300	7443	11443	356	29	1239
930	65	284	3159	10179	145	38	1207
930	66	36603	647	1	29	0	0
930	67	35576	569	4	13	0	0
930	68	31068	5435	294	268	0	34
930	69	33738	2346	45	95	0	9
930	70	33267	3272	111	143	1	8
930	71	25607	8926	776	356	1	89
930	72	35372	774	2	40	0	0
930	73	30206	5065	216	233	2	27
930	74	8983	14774	5854	629	9	609
930	75	38170	281	2	10	0	0
930	76	34925	794	6	29	1	1
930	77	32867	3727	127	157	0	8
930	78	33254	2017	35	84	0	2
930	79	35363	63	0	3	0	0
930	80	35030	47	0	2	0	0
930	81	7426	14674	6945	628	13	654
930	82	33720	2646	71	98	0	10
930	83	35367	1490	26	46	0	4
930	84	34663	635	7	35	0	1
930	85	36002	137	0	4	0	0
930	86	15958	13473	2588	594	4	227
930	87	35180	1488	20	48	0	0
930	88	35412	536	7	19	0	0
930	89	34309	1432	23	60	0	5
930	90	28902	5310	281	252	0	21
930	91	32419	3538	133	173	0	13
930	92	35842	411	0	17	0	0
930	93	35371	410	4	29	0	0
930	94	2666	9285	10831	447	26	1097
930	95	26490	8284	673	353	1	49
930	96	3653	12211	10200	530	28	935
930	97	25972	9105	859	391	1	83
930	98	34927	929	5	30	0	0
930	99	24977	9394	958	379	0	66
930	100	36792	470	2	21	0	0
1295	1	19	898	6001	52	23	662
1295	2	126	3284	11427	148	28	1218
1295	3	762	5630	10902	311	38	1223
1295	4	60	1016	5436	59	15	668
1295	5	485	4922	11929	197	35	1306
1295	6	163	2863	11085	154	37	1242
1295	7	13	835	5835	51	28	740
1295	8	111	1583	6267	87	31	829
1295	9	160	3254	11153	167	29	1162
1295	10	0	3	50	0	0	4
1295	11	0	26	455	0	0	47
1295	12	1016	7027	12363	316	41	1313
1295	13	0	239	2152	13	10	330
1295	14	707	5472	11153	262	29	1251
1295	15	1	12	320	1	1	51
1295	16	1181	7077	12160	325	38	1284
1295	17	48	1112	5309	70	17	602
1295	18	131	2509	9882	144	28	1103
1295	19	0	58	739	3	1	60
1295	20	60	1400	7459	86	17	850
1295	21	7	259	1931	29	24	341
1295	22	86	2363	10251	125	19	1255
1295	23	5404	14296	8411	609	17	761
1295	24	1	94	740	11	6	196
1295	25	20	1044	6820	68	25	951
1295	26	0	232	2530	8	3	274
1295	27	15	774	5426	42	19	683
1295	28	6	368	3857	8	11	358
1295	29	6432	14660	7372	645	12	719
1295	30	0	88	921	6	2	166
1295	31	5733	14624	8178	657	18	842
1295	32	0	18	113	0	0	23
1295	33	421	5000	12978	258	37	1376
1295	34	1	248	1969	17	7	217
1295	35	788	5350	10915	256	32	1267
1295	36	0	35	595	1	2	75
1295	37	0	38	241	2	0	41
1295	38	93	2399	10346	99	13	950
1295	39	3	103	108	8	0	21
1295	40	40	1838	9101	79	21	1012
1295	41	9	426	4368	27	14	468
1295	42	1913	7543	10050	384	27	1086
1295	43	143	3284	11228	154	36	1200
1295	44	30	727	4352	42	17	615
1295	45	269	4493	11992	223	34	1268
1295	46	266	2712	8293	149	30	1011
1295	47	1202	8685	12001	373	37	1308
1295	48	105	2695	10510	154	35	1249
1295	49	31	913	5188	37	13	622
1295	50	18149	12126	1910	541	7	177
1295	51	69	1837	9237	120	24	956
1295	52	557	6455	12574	307	37	1334
1295	53	51	1657	8150	70	26	923
1295	54	0	36	309	2	5	69
1295	55	284	4076	11444	187	37	1219
1295	56	20	665	3387	36	17	469
1295	57	2	471	3324	47	19	467
1295	58	50	1402	6959	68	32	892
1295	59	106	2026	8059	117	19	1145
1295	60	10	345	2123	31	16	343
1295	61	150	2932	10904	117	14	1039
1295	62	22	271	815	24	15	199
1295	63	7	503	3725	23	25	497
1295	64	0	131	1093	4	2	139
1295	65	0	8	59	0	0	10
1295	66	458	5418	12331	251	32	1299
1295	67	202	3889	11821	162	33	1286
1295	68	66	1783	8957	104	40	1023
1295	69	1	336	3374	10	9	387
1295	70	767	4597	9598	225	28	1291
1295	71	32	787	4415	56	11	566
1295	72	108	2979	10771	161	26	1225
1295	73	11	243	2843	17	9	247
1295	74	8	577	4122	27	12	512
1295	75	2361	11357	11957	532	30	1115
1295	76	491	4724	11455	198	25	1276
1295	77	39	1525	7882	74	25	952
1295	78	74	1137	5687	71	21	646
1295	79	6306	14340	7261	629	14	703
1295	80	18557	12006	1768	464	2	130
1295	81	0	202	1556	10	11	207
1295	82	29	1505	7729	104	17	968
1295	83	515	5020	11440	244	28	1304
1295	84	289	4402	11762	226	25	1261
1295	85	2731	11818	10860	521	25	1071
1295	86	11	843	4713	47	20	651
1295	87	94	2476	10105	129	43	1248
1295	88	358	4872	12317	235	37	1252
1295	89	35	1387	7451	81	28	961
1295	90	11	697	4834	57	15	559
1295	91	58	2154	9030	112	26	1042
1295	92	453	5476	12482	285	34	1307
1295	93	594	6069	12129	327	36	1259
1295	94	3	300	2566	4	1	375
1295	95	1658	7207	9964	385	29	1143
1295	96	28	619	3088	36	24	482
1295	97	22	860	5345	39	23	661
1295	98	43	1630	8552	89	21	977
1295	99	355	2964	8490	148	33	999
1295	100	647	6422	12649	304	34	1369
