Total males of each genotype
Day	WW	WD	DD	WR	RR	DR
0	3658878	0	0	0	0	0
1	3657388	0	0	0	0	0
2	3656627	0	0	0	0	0
3	3656030	0	0	0	0	0
4	3657257	0	0	0	0	0
5	3658379	0	0	0	0	0
6	3659651	0	0	0	0	0
7	3658165	0	0	0	0	0
8	3658546	0	0	0	0	0
9	3660521	0	0	0	0	0
10	3660528	0	0	0	0	0
11	3660334	0	0	0	0	0
12	3660118	0	0	0	0	0
13	3660798	0	0	0	0	0
14	3660341	0	0	0	0	0
15	3660891	0	0	0	0	0
16	3660380	0	0	0	0	0
17	3659872	0	0	0	0	0
18	3659796	0	0	0	0	0
19	3658962	0	0	0	0	0
20	3658516	0	0	0	0	0
21	3658162	0	0	0	0	0
22	3657548	0	0	0	0	0
23	3658731	0	0	0	0	0
24	3659510	0	0	0	0	0
25	3659737	0	0	0	0	0
26	3659102	0	0	0	0	0
27	3658915	0	0	0	0	0
28	3659972	0	0	0	0	0
29	3661163	0	0	0	0	0
30	3662139	0	0	0	0	0
31	3660568	0	0	0	0	0
32	3659975	0	0	0	0	0
33	3659980	0	0	0	0	0
34	3658854	0	0	0	0	0
35	3656573	0	0	0	0	0
36	3658125	0	0	0	0	0
37	3656240	0	0	0	0	0
38	3656484	0	0	0	0	0
39	3656528	0	0	0	0	0
40	3657282	0	0	0	0	0
41	3657832	0	0	0	0	0
42	3656562	0	0	0	0	0
43	3657617	0	0	0	0	0
44	3657074	0	0	0	0	0
45	3655421	0	0	0	0	0
46	3654990	0	0	0	0	0
47	3655571	0	0	0	0	0
48	3657160	0	0	0	0	0
49	3657947	0	0	0	0	0
50	3658617	0	0	0	0	0
51	3660595	0	0	0	0	0
52	3660678	0	0	0	0	0
53	3659463	0	0	0	0	0
54	3660368	0	0	0	0	0
55	3659285	0	0	0	0	0
56	3661404	0	0	0	0	0
57	3661665	0	0	0	0	0
58	3657032	0	0	0	0	0
59	3658044	0	0	0	0	0
60	3658323	0	0	0	0	0
61	3656259	0	0	0	0	0
62	3653916	0	0	0	0	0
63	3655329	0	0	0	0	0
64	3654080	0	0	0	0	0
65	3652915	0	0	0	0	0
66	3653349	0	0	0	0	0
67	3652539	0	0	0	0	0
68	3653772	0	0	0	0	0
69	3653457	0	0	0	0	0
70	3652522	0	0	0	0	0
71	3652100	0	0	0	0	0
72	3654151	0	0	0	0	0
73	3654054	0	0	0	0	0
74	3654863	0	0	0	0	0
75	3654945	0	0	0	0	0
76	3655785	0	0	0	0	0
77	3655074	0	0	0	0	0
78	3655924	0	0	0	0	0
79	3656795	0	0	0	0	0
80	3656746	0	0	0	0	0
81	3655198	0	0	0	0	0
82	3655932	0	0	0	0	0
83	3653542	0	0	0	0	0
84	3652672	0	0	0	0	0
85	3653996	0	0	0	0	0
86	3654258	0	0	0	0	0
87	3654679	0	0	0	0	0
88	3654022	0	0	0	0	0
89	3653987	0	0	0	0	0
90	3654801	0	0	0	0	0
91	3654622	0	0	0	0	0
92	3654089	0	0	0	0	0
93	3654960	0	0	0	0	0
94	3653699	0	0	0	0	0
95	3654150	0	0	0	0	0
96	3654629	0	0	0	0	0
97	3655260	0	0	0	0	0
98	3655884	0	0	0	0	0
99	3657964	0	0	0	0	0
100	3656959	0	0	0	0	0
101	3657920	0	0	0	0	0
102	3656614	0	0	0	0	0
103	3656555	0	0	0	0	0
104	3656982	0	0	0	0	0
105	3657999	0	0	0	0	0
106	3656029	0	0	0	0	0
107	3655208	0	0	0	0	0
108	3654300	0	0	0	0	0
109	3655804	0	0	0	0	0
110	3654933	0	0	0	0	0
111	3654558	0	0	0	0	0
112	3655662	0	0	0	0	0
113	3655332	0	0	0	0	0
114	3656098	0	0	0	0	0
115	3657089	0	0	0	0	0
116	3656961	0	0	0	0	0
117	3656902	0	0	0	0	0
118	3656688	0	0	0	0	0
119	3656742	0	0	0	0	0
120	3657845	0	0	0	0	0
121	3658067	0	0	0	0	0
122	3657592	0	0	0	0	0
123	3656472	0	0	0	0	0
124	3656357	0	0	0	0	0
125	3656126	0	0	0	0	0
126	3656290	0	0	0	0	0
127	3655462	0	0	0	0	0
128	3656907	0	0	0	0	0
129	3658670	0	0	0	0	0
130	3658659	0	0	0	0	0
131	3658131	0	0	0	0	0
132	3655726	0	0	0	0	0
133	3655475	0	0	0	0	0
134	3655502	0	0	0	0	0
135	3654395	0	0	0	0	0
136	3654251	0	0	0	0	0
137	3654205	0	0	0	0	0
138	3652824	0	0	0	0	0
139	3653111	0	0	0	0	0
140	3653987	0	0	0	0	0
141	3654714	0	0	0	0	0
142	3656090	0	0	0	0	0
143	3657539	0	0	0	0	0
144	3655812	0	0	0	0	0
145	3656641	0	0	0	0	0
146	3656272	0	0	0	0	0
147	3656988	0	0	0	0	0
148	3655799	0	0	0	0	0
149	3655766	0	0	0	0	0
150	3655820	0	0	0	0	0
151	3656839	0	0	0	0	0
152	3655680	0	0	0	0	0
153	3656537	0	0	0	0	0
154	3657467	0	0	0	0	0
155	3658100	0	0	0	0	0
156	3657673	0	0	0	0	0
157	3656532	0	0	0	0	0
158	3656132	0	0	0	0	0
159	3655725	0	0	0	0	0
160	3655298	0	0	0	0	0
161	3656855	0	0	0	0	0
162	3656705	0	0	0	0	0
163	3658820	0	0	0	0	0
164	3658796	0	0	0	0	0
165	3659594	0	0	0	0	0
166	3659271	0	0	0	0	0
167	3660389	0	0	0	0	0
168	3660878	0	0	0	0	0
169	3661061	0	0	0	0	0
170	3659973	0	0	0	0	0
171	3658510	0	0	0	0	0
172	3658441	0	0	0	0	0
173	3658807	0	0	0	0	0
174	3657668	0	0	0	0	0
175	3657319	0	0	0	0	0
176	3656386	0	0	0	0	0
177	3656803	0	0	0	0	0
178	3657235	0	0	0	0	0
179	3656379	0	0	0	0	0
180	3654413	0	0	0	0	0
181	3653702	0	0	0	0	0
182	3655730	0	0	0	0	0
183	3656314	0	0	0	0	0
184	3655496	0	0	0	0	0
185	3655784	0	0	0	0	0
186	3653855	0	0	0	0	0
187	3652992	0	0	0	0	0
188	3653593	0	0	0	0	0
189	3653660	0	0	0	0	0
190	3654877	0	0	0	0	0
191	3653780	0	0	0	0	0
192	3655733	0	0	0	0	0
193	3656545	0	0	0	0	0
194	3656806	0	0	0	0	0
195	3656341	0	0	0	0	0
196	3655903	0	0	0	0	0
197	3656908	0	0	0	0	0
198	3658234	0	0	0	0	0
199	3658201	0	0	0	0	0
200	3656883	871	0	0	0	0
201	3657773	741	0	0	0	0
202	3658488	629	0	0	0	0
203	3659239	553	0	0	0	0
204	3658801	486	0	0	0	0
205	3659446	417	0	0	0	0
206	3659324	363	0	0	0	0
207	3658756	308	0	0	0	0
208	3659084	272	0	0	0	0
209	3658268	236	0	0	0	0
210	3659070	212	0	0	0	0
211	3657928	196	0	0	0	0
212	3657257	189	0	1	0	0
213	3655857	184	0	1	0	0
214	3655688	189	0	1	0	0
215	3655532	200	0	1	0	0
216	3656232	216	0	0	0	0
217	3656321	221	0	0	0	0
218	3653599	239	0	4	0	0
219	3653741	241	0	3	0	0
220	3655569	245	0	4	0	0
221	3657160	239	0	3	0	0
222	3657514	248	0	1	0	0
223	3655980	270	0	1	0	0
224	3655525	274	0	1	0	0
225	3655763	288	0	1	0	0
226	3655868	296	0	1	0	0
227	3657355	289	0	1	0	0
228	3657566	297	0	2	0	0
229	3656774	312	0	3	0	0
230	3657579	309	0	3	0	0
231	3655516	317	0	3	0	0
232	3655060	329	0	4	0	0
233	3657737	319	0	4	0	0
234	3657996	312	0	4	0	0
235	3657799	315	0	5	0	0
236	3657341	321	0	7	0	0
237	3654237	339	0	7	0	0
238	3655181	353	0	5	0	0
239	3656344	374	0	6	0	0
240	3654971	383	0	5	0	0
241	3655273	382	0	6	0	0
242	3655502	393	0	5	0	0
243	3656501	385	0	6	0	0
244	3657932	380	0	7	0	0
245	3658973	399	0	13	0	0
246	3658273	408	0	10	0	0
247	3658072	403	0	12	0	0
248	3659159	413	0	13	0	0
249	3659525	396	0	15	0	0
250	3659464	387	0	13	0	0
251	3658225	400	1	12	0	0
252	3657851	415	1	11	0	0
253	3658072	429	1	11	0	0
254	3658574	418	1	12	0	0
255	3658989	424	1	12	0	0
256	3659098	437	2	9	0	0
257	3657812	423	3	9	0	0
258	3656810	426	3	11	0	0
259	3656210	457	2	13	0	0
260	3654925	465	2	13	0	0
261	3654336	450	0	16	0	0
262	3655128	436	0	15	0	0
263	3654748	445	0	15	0	0
264	3654863	450	0	17	0	0
265	3654775	456	0	18	0	0
266	3654582	455	0	20	0	0
267	3655385	476	0	20	0	0
268	3655789	472	0	19	0	0
269	3656255	471	0	16	0	0
270	3655788	485	0	17	0	0
271	3654704	506	0	17	0	0
272	3655889	529	0	17	0	0
273	3655406	541	0	14	0	0
274	3654434	552	0	16	0	1
275	3654453	540	0	14	0	1
276	3654732	562	0	16	0	0
277	3654268	589	0	19	0	0
278	3653787	619	0	18	0	0
279	3655275	645	0	14	0	0
280	3655567	662	0	16	0	0
281	3658055	670	0	20	0	0
282	3657184	667	0	17	0	0
283	3655109	668	1	23	0	0
284	3655676	655	2	25	0	0
285	3655777	638	2	23	0	0
286	3655858	649	2	17	0	0
287	3656627	657	4	18	0	0
288	3656774	647	3	17	0	0
289	3656340	666	3	15	0	0
290	3656470	666	3	14	0	0
291	3655767	667	2	13	0	0
292	3654721	693	3	17	0	0
293	3654722	710	3	17	0	0
294	3655424	734	3	18	0	0
295	3653792	739	2	21	0	0
296	3652444	766	1	22	0	0
297	3654547	763	1	21	0	0
298	3655461	772	1	20	0	0
299	3654504	766	3	19	0	0
300	3653894	776	2	24	0	0
301	3655969	761	1	27	0	0
302	3655115	785	1	34	0	1
303	3653634	805	2	35	0	1
304	3654220	841	1	31	0	1
305	3654648	875	2	31	0	1
306	3654750	876	3	26	0	1
307	3655286	867	4	27	0	1
308	3655811	876	4	23	0	1
309	3654343	918	5	24	0	1
310	3655402	905	6	26	0	2
311	3655448	908	6	29	0	1
312	3655507	932	9	33	0	1
313	3656006	949	8	32	0	1
314	3656619	980	8	40	0	1
315	3656911	988	9	39	0	1
316	3656732	1002	8	37	0	0
317	3657479	1017	7	37	0	0
318	3657059	1048	6	30	0	0
319	3657401	1065	7	31	0	0
320	3656728	1060	8	33	0	0
321	3656731	1089	8	29	0	0
322	3657199	1087	8	30	0	0
323	3657636	1080	6	33	0	0
324	3657845	1094	6	34	0	0
325	3657823	1113	7	39	0	0
326	3657428	1124	7	49	0	1
327	3656728	1133	8	49	0	1
328	3655594	1169	7	48	0	1
329	3656213	1182	7	41	0	1
330	3655506	1214	6	48	0	1
331	3655613	1230	5	47	0	1
332	3655493	1246	5	47	0	1
333	3653916	1270	5	41	0	1
334	3652719	1322	6	45	0	1
335	3651901	1351	5	49	0	0
336	3650671	1396	5	51	0	0
337	3650828	1402	3	53	0	0
338	3652201	1402	4	53	0	0
339	3651874	1424	5	54	0	0
340	3652144	1417	6	55	0	0
341	3651968	1401	7	52	0	0
342	3652767	1424	7	52	0	0
343	3653099	1454	7	52	0	0
344	3652944	1469	8	57	0	0
345	3653523	1496	7	60	0	0
346	3655342	1535	6	61	0	0
347	3654612	1572	10	60	0	0
348	3653462	1604	7	58	0	0
349	3653224	1653	6	54	0	0
350	3653740	1668	6	57	0	0
351	3653552	1661	7	61	0	0
352	3657313	1676	7	62	0	0
353	3656239	1704	7	68	0	0
354	3653808	1768	8	67	0	0
355	3652394	1799	8	70	0	0
356	3653170	1804	10	69	0	0
357	3653931	1860	11	66	0	0
358	3654834	1840	10	72	0	0
359	3654941	1885	12	74	0	0
360	3653639	1896	15	76	0	0
361	3654002	1888	12	83	0	0
362	3652990	1941	12	84	0	1
363	3652268	1978	11	99	0	1
364	3652984	2010	10	104	0	0
365	3652776	2009	10	105	0	1
366	3654560	2057	10	111	0	0
367	3652794	2097	10	109	0	0
368	3653236	2150	8	105	0	0
369	3652549	2160	9	113	0	1
370	3654378	2203	11	118	0	1
371	3655593	2246	13	118	0	3
372	3655467	2266	15	113	0	3
373	3654760	2277	13	118	0	3
374	3654205	2292	16	123	0	4
375	3654079	2327	15	127	0	3
376	3654778	2368	15	124	0	3
377	3653959	2418	18	117	0	4
378	3655759	2429	16	117	0	4
379	3654634	2500	16	118	0	3
380	3653260	2548	16	121	0	3
381	3652604	2575	16	121	0	4
382	3653381	2602	20	120	0	3
383	3651134	2629	21	113	0	1
384	3650635	2678	21	114	0	1
385	3650809	2631	20	121	0	1
386	3649528	2653	19	118	0	1
387	3649852	2681	24	120	0	1
388	3651336	2717	22	129	0	0
389	3651781	2737	22	142	0	1
390	3651835	2771	23	134	0	2
391	3652417	2839	24	138	0	2
392	3652336	2921	27	135	0	2
393	3652759	2991	27	133	0	2
394	3653793	3054	31	141	0	1
395	3654636	3114	35	142	0	1
396	3653530	3118	35	149	0	1
397	3653234	3212	36	157	0	1
398	3653541	3250	38	157	0	1
399	3653102	3307	37	161	0	1
400	3653691	3342	38	173	0	1
401	3653845	3386	36	174	0	0
402	3653546	3368	32	173	0	0
403	3653297	3409	34	171	0	1
404	3652998	3481	37	172	0	2
405	3652965	3479	35	174	0	3
406	3653105	3565	38	183	0	3
407	3651650	3640	39	184	0	3
408	3652317	3678	36	198	0	2
409	3652373	3697	39	198	0	2
410	3653994	3753	42	203	0	4
411	3652723	3826	42	199	0	5
412	3652257	3911	46	192	0	6
413	3651517	3990	39	197	0	9
414	3652298	4050	37	208	0	8
415	3653077	4064	36	217	0	7
416	3652148	4100	38	223	0	4
417	3652438	4118	35	222	0	5
418	3653008	4229	37	223	0	4
419	3654740	4241	40	212	0	3
420	3654985	4235	41	216	0	3
421	3654866	4309	41	223	0	3
422	3654057	4378	41	219	0	3
423	3655910	4430	41	234	0	4
424	3656043	4489	50	222	0	5
425	3656384	4604	52	221	0	4
426	3657092	4647	57	222	0	4
427	3655578	4649	57	227	0	3
428	3654741	4637	57	231	0	3
429	3653900	4752	60	242	0	2
430	3651445	4868	64	249	0	2
431	3651402	4945	67	241	0	2
432	3652806	5063	62	242	0	3
433	3652297	5132	64	242	0	3
434	3651705	5198	60	245	0	4
435	3653981	5267	68	239	0	4
436	3654838	5339	66	252	0	4
437	3654611	5363	65	258	0	2
438	3653595	5403	67	258	0	1
439	3652747	5526	66	266	0	2
440	3653475	5572	59	274	0	1
441	3652308	5666	60	259	0	2
442	3650958	5686	57	260	0	1
443	3651224	5783	62	254	0	1
444	3653598	5819	69	260	0	1
445	3653358	5914	76	261	0	4
446	3651652	6049	81	272	0	6
447	3651118	6175	80	277	1	8
448	3650765	6207	81	273	1	9
449	3648773	6384	85	278	1	7
450	3649754	6514	87	296	1	7
451	3649571	6593	93	284	1	8
452	3649617	6617	92	288	1	10
453	3649150	6702	90	291	1	11
454	3648764	6714	99	288	1	14
455	3649866	6766	105	292	1	12
456	3649792	6830	108	297	1	13
457	3650026	6948	109	308	1	11
458	3650323	7021	113	305	1	10
459	3649788	7109	105	314	1	12
460	3649138	7240	115	311	1	13
461	3648789	7331	118	306	0	14
462	3648678	7553	120	316	0	14
463	3648700	7742	116	323	0	12
464	3647391	7826	122	329	0	12
465	3647327	7903	122	328	0	11
466	3646559	7988	121	343	0	11
467	3647260	8099	128	359	0	13
468	3647655	8243	134	359	0	12
469	3648019	8401	129	352	0	14
470	3646516	8446	137	372	0	12
471	3647289	8647	141	357	0	14
472	3648354	8901	149	384	0	14
473	3648792	9026	158	385	0	13
474	3650526	9210	163	395	0	17
475	3649783	9351	168	403	0	17
476	3649962	9435	166	416	0	18
477	3650252	9589	173	406	0	17
478	3650354	9655	166	416	0	20
479	3648989	9690	170	429	1	19
480	3649798	9862	181	434	1	19
481	3648844	10004	180	463	1	18
482	3649298	10074	184	482	1	19
483	3646742	10214	177	480	1	17
484	3646290	10264	186	479	1	20
485	3645394	10435	187	504	1	17
486	3645442	10561	193	503	1	22
487	3646862	10897	219	500	1	21
488	3646102	11016	222	518	2	22
489	3647432	11145	223	508	2	22
490	3645607	11270	226	504	2	20
491	3645010	11455	225	496	2	21
492	3646816	11580	221	523	1	22
493	3645735	11739	225	501	1	23
494	3646249	11910	230	505	1	21
495	3646761	12082	251	512	1	20
496	3644330	12312	259	512	1	26
497	3643025	12492	276	508	1	28
498	3642707	12689	277	514	1	24
499	3643531	12780	280	514	0	25
500	3642179	12899	292	518	0	25
501	3642717	13088	284	540	0	25
502	3641434	13276	284	546	0	23
503	3641697	13456	276	547	1	28
504	3639542	13624	294	561	1	28
505	3639593	13772	318	557	1	35
506	3640631	13971	317	578	0	34
507	3641209	14091	330	597	0	29
508	3639174	14317	334	607	0	36
509	3640930	14467	331	595	0	36
510	3639939	14642	341	610	0	36
511	3640855	14885	354	609	0	34
512	3639510	15099	353	627	0	34
513	3638135	15354	367	624	0	37
514	3637916	15640	380	629	0	36
515	3637432	15889	377	664	0	37
516	3637880	16148	378	680	0	39
517	3638347	16365	387	731	0	44
518	3637679	16490	392	728	0	44
519	3637337	16693	408	722	1	43
520	3636023	16830	425	744	0	44
521	3634735	16972	418	744	0	42
522	3635490	17274	419	748	0	43
523	3636517	17625	444	772	0	41
524	3636251	17944	453	789	0	46
525	3634653	18264	450	791	0	49
526	3633919	18391	445	808	0	48
527	3633062	18663	455	817	0	53
528	3633948	18977	451	842	1	45
529	3632349	19228	452	860	1	43
530	3633427	19566	481	855	1	52
531	3632640	19827	497	852	1	55
532	3632618	20193	522	865	2	56
533	3633799	20480	530	879	1	58
534	3634129	20665	537	912	1	61
535	3633288	20924	537	906	1	57
536	3632340	21180	544	894	2	51
537	3631451	21395	542	895	3	53
538	3630699	21658	599	910	2	57
539	3633478	21932	610	936	2	54
540	3633694	22166	630	959	2	61
541	3632362	22590	644	933	1	64
542	3631531	22938	684	938	0	63
543	3630575	23176	700	968	0	66
544	3629581	23427	711	992	0	72
545	3629480	23698	718	1023	0	76
546	3628358	24067	727	1043	1	78
547	3626463	24391	752	1048	2	83
548	3625899	24567	771	1035	2	83
549	3627449	24941	794	1069	2	86
550	3626414	25271	807	1101	2	90
551	3627023	25706	810	1145	2	97
552	3626806	25941	820	1153	1	97
553	3624765	26267	847	1157	0	96
554	3623370	26520	845	1170	0	101
555	3624040	26727	878	1168	0	95
556	3622820	27105	880	1177	0	95
557	3622264	27458	908	1171	0	100
558	3621739	27741	930	1222	0	97
559	3621205	28162	976	1231	0	103
560	3621023	28473	976	1241	0	100
561	3622860	28948	984	1255	0	96
562	3623171	29336	1019	1286	0	92
563	3624097	29762	1062	1281	0	90
564	3621901	30312	1060	1311	0	95
565	3620419	30682	1093	1340	0	95
566	3618745	31139	1143	1365	0	102
567	3617246	31342	1177	1388	0	104
568	3617272	31750	1226	1359	0	98
569	3617452	32209	1253	1372	1	101
570	3616855	32822	1291	1399	1	106
571	3617442	33199	1323	1422	2	114
572	3616713	33582	1349	1409	4	119
573	3615905	33967	1350	1452	5	122
574	3615258	34471	1375	1467	5	133
575	3615268	34719	1408	1489	5	134
576	3614804	35235	1469	1536	5	132
577	3612305	35658	1509	1561	5	136
578	3611835	36197	1501	1601	6	128
579	3613256	36603	1554	1625	7	135
580	3612226	37191	1579	1685	7	131
581	3612097	37595	1613	1672	7	134
582	3611180	38032	1652	1697	8	133
583	3609113	38537	1687	1709	8	146
584	3608420	39173	1749	1739	8	154
585	3608133	39698	1747	1764	6	169
586	3606593	39980	1761	1759	7	164
587	3606263	40450	1806	1778	8	174
588	3604046	40863	1839	1771	8	182
589	3603341	41320	1894	1844	8	182
590	3604336	41895	1939	1880	8	169
591	3606435	42282	2014	1912	6	173
592	3604829	42839	2035	1926	5	177
593	3602226	43438	2088	1924	4	175
594	3602463	44134	2131	1981	4	187
595	3601772	44852	2189	1957	5	198
596	3600788	45439	2238	1965	4	211
597	3601322	45863	2339	1971	3	220
598	3599501	46489	2370	1972	3	220
599	3600160	47066	2426	1949	3	223
600	3598103	47652	2515	1995	2	228
601	3597295	48323	2523	2022	3	229
602	3597340	49134	2573	2071	5	247
603	3596476	49826	2601	2104	7	253
604	3597064	50355	2632	2171	10	260
605	3597029	50966	2665	2246	10	258
606	3596390	51481	2749	2231	10	267
607	3593628	52130	2835	2277	12	278
608	3592361	52816	2940	2343	13	275
609	3590370	53441	2983	2387	14	290
610	3590622	53998	3069	2408	12	312
611	3591021	54685	3140	2439	11	304
612	3590287	55524	3188	2478	12	307
613	3588536	56232	3264	2524	13	318
614	3586456	57029	3310	2561	14	343
615	3585666	57537	3348	2564	13	348
616	3583782	58132	3402	2578	12	334
617	3583553	58949	3487	2653	11	326
618	3583135	59866	3592	2656	8	329
619	3581972	60464	3631	2692	8	342
620	3579541	61247	3707	2736	8	350
621	3577347	61948	3776	2807	7	356
622	3576531	62828	3849	2862	9	338
623	3575022	63579	3949	2842	12	353
624	3574884	64393	4015	2880	10	365
625	3575023	65137	4075	2868	8	370
626	3572960	65952	4141	2954	8	387
627	3573394	66744	4307	2982	8	386
628	3572609	67364	4468	3010	8	394
629	3571880	68176	4492	3020	8	403
630	3571355	69022	4571	3009	8	421
631	3570753	69870	4695	3027	11	425
632	3569888	70842	4766	3070	12	430
633	3570338	71475	4818	3131	9	449
634	3569745	72454	4871	3201	9	471
635	3568670	73165	4971	3204	10	465
636	3565029	74139	5096	3224	8	500
637	3565261	74709	5140	3262	9	514
638	3563733	75480	5253	3247	8	498
639	3562083	76688	5402	3305	9	527
640	3559636	77819	5459	3347	10	524
641	3560751	78823	5594	3407	12	535
642	3559055	79759	5712	3441	11	564
643	3557933	80790	5809	3534	10	565
644	3555430	81910	5963	3534	7	575
645	3553437	82908	6085	3544	8	570
646	3552866	83997	6223	3592	9	587
647	3551664	84762	6406	3585	8	597
648	3550524	85934	6516	3638	8	623
649	3547938	86867	6654	3626	9	630
650	3546152	87725	6777	3717	9	636
651	3544473	88601	6911	3769	6	641
652	3543239	89362	7053	3817	6	652
653	3541071	90147	7137	3873	7	672
654	3539680	90919	7239	3876	10	684
655	3538247	91832	7433	3881	9	678
656	3537386	93066	7565	3898	9	707
657	3536230	94050	7684	3913	8	689
658	3534741	95104	7845	3922	8	730
659	3535910	96216	7959	3994	11	736
660	3533608	97287	8035	4048	10	764
661	3531806	98771	8132	4155	11	778
662	3528685	100167	8169	4172	12	793
663	3525871	100988	8327	4312	14	810
664	3522327	102239	8444	4398	15	844
665	3520505	103176	8627	4465	13	837
666	3519555	104312	8900	4496	14	867
667	3518628	105517	9133	4532	13	879
668	3516803	106814	9394	4584	17	889
669	3515756	108359	9541	4656	16	926
670	3513224	109503	9718	4704	17	932
671	3510194	110278	9843	4759	14	947
672	3507652	111409	10117	4846	14	984
673	3505787	112972	10269	4860	15	994
674	3504404	114253	10504	4947	16	1003
675	3502652	115266	10709	4985	16	1024
676	3500184	116491	10983	4974	23	1056
677	3499254	117964	11258	5006	20	1070
678	3497949	119459	11445	5016	24	1092
679	3497170	120721	11551	5142	21	1109
680	3494896	121860	11769	5203	22	1145
681	3493023	123461	12032	5218	22	1146
682	3490113	124731	12245	5353	26	1176
683	3488292	126142	12669	5456	31	1207
684	3487339	127488	12868	5501	30	1228
685	3486035	128762	13144	5548	30	1278
686	3484418	130050	13459	5642	29	1304
687	3482141	131530	13810	5625	31	1318
688	3479388	133034	14136	5668	29	1358
689	3477273	134571	14391	5751	30	1403
690	3475579	135958	14575	5757	32	1414
691	3474162	137232	14888	5840	28	1456
692	3471492	138437	15210	5888	27	1459
693	3470111	139929	15509	5945	27	1516
694	3468441	141075	15897	6019	25	1539
695	3466317	142581	16193	6038	30	1549
696	3464477	144201	16599	6124	30	1586
697	3462086	145426	16964	6214	28	1610
698	3460212	146912	17256	6293	28	1620
699	3456800	148332	17612	6361	29	1651
700	3455365	150099	17920	6422	39	1677
701	3452932	151679	18239	6538	40	1677
702	3450863	153137	18444	6610	45	1723
703	3450224	154723	18841	6759	44	1755
704	3448504	156077	19253	6786	42	1807
705	3445533	157774	19537	6891	49	1832
706	3443516	159149	19931	6903	53	1857
707	3440400	160465	20262	6929	53	1907
708	3435565	162046	20606	7044	50	1944
709	3434072	163887	20983	7181	48	2002
710	3432322	165322	21299	7235	53	2052
711	3429496	166566	21726	7294	51	2088
712	3426906	168346	22142	7352	57	2139
713	3424592	169912	22725	7397	57	2181
714	3421670	171508	23203	7477	59	2222
715	3419530	173216	23635	7503	54	2284
716	3414053	175276	24158	7649	50	2311
717	3412668	177144	24578	7668	52	2354
718	3410433	178850	25076	7766	55	2420
719	3408573	180445	25724	7840	55	2450
720	3405228	182015	26037	7840	56	2476
721	3402907	183611	26409	7931	54	2523
722	3400693	185213	26904	8041	58	2552
723	3398472	186953	27376	8172	63	2562
724	3396132	188440	27788	8251	62	2605
725	3393350	189827	28421	8285	72	2624
726	3390446	191598	28930	8309	68	2673
727	3386827	192993	29448	8426	76	2752
728	3384592	194329	30064	8487	79	2809
729	3381423	195781	30585	8620	75	2898
730	3377710	197241	31311	8652	80	3001
731	3375588	199068	32001	8708	75	3013
732	3371840	200662	32622	8743	79	3055
733	3369041	202203	33338	8829	87	3071
734	3365599	203823	33834	8845	79	3189
735	3362551	205423	34418	8912	89	3246
736	3358952	207022	35111	9052	94	3252
737	3354869	208778	35883	9136	94	3326
738	3351652	210459	36471	9167	91	3371
739	3347944	212041	37204	9182	93	3440
740	3344807	213596	37750	9239	91	3556
741	3341613	215204	38397	9262	86	3595
742	3338787	216950	39178	9303	87	3651
743	3335682	218761	39776	9481	90	3731
744	3332944	220266	40365	9623	99	3820
745	3331093	222089	41204	9623	105	3889
746	3328779	223685	41911	9676	101	3917
747	3326689	225609	42675	9770	107	3935
748	3323457	227438	43575	9805	109	4051
749	3318984	229055	44319	9867	107	4054
750	3316683	230433	45003	9915	111	4154
751	3313262	231833	45643	9992	108	4260
752	3309501	233197	46407	10097	101	4322
753	3306685	234651	47284	10219	94	4383
754	3302345	236543	48000	10317	100	4461
755	3300808	238115	48682	10351	101	4577
756	3297048	239651	49508	10444	98	4658
757	3294177	241173	50588	10481	110	4743
758	3289805	242864	51546	10572	115	4784
759	3286136	244330	52481	10661	117	4911
760	3282978	246137	53439	10755	111	5006
761	3279892	247457	54390	10746	119	5112
762	3276941	249032	55321	10954	119	5148
763	3273008	250518	56205	10888	111	5250
764	3270331	251883	57278	10970	111	5406
765	3267467	253831	58316	11053	122	5494
766	3263315	255457	59589	11206	126	5563
767	3259211	257200	60261	11217	129	5697
768	3255562	258800	61661	11306	139	5755
769	3251039	259904	62837	11272	138	5785
770	3248039	261672	63839	11338	136	5963
771	3243965	263184	64869	11341	143	6031
772	3240252	264596	65812	11530	147	6122
773	3237369	266441	66784	11631	153	6226
774	3233259	268031	67788	11735	147	6367
775	3228692	269348	68798	11739	144	6449
776	3225806	270625	69658	11803	152	6538
777	3223923	271986	70548	11725	140	6655
778	3220853	273478	71622	11671	136	6841
779	3216877	275202	72770	11727	137	6988
780	3214148	276554	74096	11780	138	7065
781	3210155	277916	74977	11844	136	7182
782	3207332	279265	75806	11936	140	7305
783	3202839	280794	76850	12027	150	7375
784	3199887	282071	78025	12239	158	7495
785	3196540	283652	79363	12338	168	7619
786	3193246	285137	80659	12328	177	7749
787	3189855	286280	81907	12418	187	7833
788	3184977	287773	83071	12439	188	7902
789	3182051	288983	84012	12542	194	7903
790	3177158	289859	85187	12626	185	8141
791	3172952	291262	86549	12727	184	8250
792	3168663	292671	87856	12853	186	8361
793	3165803	294369	89329	12864	188	8471
794	3162686	295399	90699	12928	193	8654
795	3159378	296537	92164	13002	197	8841
796	3155667	297517	93295	13069	191	8967
797	3150099	298424	94506	13116	201	9057
798	3147016	299550	95711	13114	205	9248
799	3142664	300653	96856	13176	200	9388
800	3139016	302208	98226	13212	207	9578
801	3135492	303152	99408	13229	202	9761
802	3131829	304231	100793	13170	209	9820
803	3129014	305273	102227	13179	205	9900
804	3123881	306415	103210	13250	226	10045
805	3120265	307664	104357	13315	237	10091
806	3114528	308737	105683	13388	235	10105
807	3109874	309316	107374	13436	235	10229
808	3104871	310663	108836	13426	242	10468
809	3100909	311696	110150	13402	236	10555
810	3097827	312578	111739	13439	237	10652
811	3093632	314057	112932	13608	245	10862
812	3088505	314893	114306	13691	243	10825
813	3085623	315746	115849	13791	247	10941
814	3080228	317074	116869	13784	256	11209
815	3076674	317865	118199	13788	273	11296
816	3074067	318961	119722	13871	267	11472
817	3071608	319154	121053	13790	266	11663
818	3068273	320391	122441	13839	268	11857
819	3063956	321289	123702	13920	271	11872
820	3059148	322180	125254	14008	281	11964
821	3054822	323433	126688	14107	280	12098
822	3051747	323889	128030	14072	280	12193
823	3048068	324618	129071	14151	282	12392
824	3043347	325460	130595	14287	285	12550
825	3039854	326239	131961	14347	280	12754
826	3036707	326814	133493	14333	281	12957
827	3032603	328037	134605	14388	296	13078
828	3029479	330091	135991	14352	286	13233
829	3024950	331495	137371	14416	277	13392
830	3020102	332144	138963	14454	300	13542
831	3016711	332920	140620	14588	315	13725
832	3011209	333050	141621	14582	312	13755
833	3006117	334071	143011	14603	320	13982
834	3003083	335007	144294	14711	324	14023
835	2998371	335335	145681	14714	328	14196
836	2993192	336407	147003	14761	326	14412
837	2988111	336916	148371	14793	324	14635
838	2984964	337539	150049	14924	338	14795
839	2981515	338544	151575	14888	329	15007
840	2976057	339299	152780	14955	343	15240
841	2972964	340184	154019	15028	362	15337
842	2970503	340748	155259	14997	345	15469
843	2965611	341575	156601	14976	352	15636
844	2961926	342838	158080	15019	359	15676
845	2959266	344141	158954	14947	361	15802
846	2953867	344753	160091	14972	369	15937
847	2949346	345668	161092	15037	373	16069
848	2944775	346221	162403	15053	397	16112
849	2940047	347321	163093	15133	402	16303
850	2935515	348170	164280	15104	410	16483
851	2930641	348890	165792	15220	422	16540
852	2928325	349654	166844	15156	415	16601
853	2923212	350302	168294	15138	416	16652
854	2918238	350927	169587	15258	413	16909
855	2912901	351863	170443	15313	423	16992
856	2909487	352744	171353	15324	437	17094
857	2904199	353763	172827	15384	449	17158
858	2900345	354532	173537	15360	437	17194
859	2894974	355467	174683	15556	451	17283
860	2890843	355515	176145	15531	450	17491
861	2886351	356245	177381	15584	467	17637
862	2881955	356769	178150	15671	481	17787
863	2877800	357292	179406	15693	485	17994
864	2872882	358408	180277	15690	486	18112
865	2868073	359134	181352	15748	499	18143
866	2863995	359962	182265	15767	464	18258
867	2860314	360883	183205	15899	465	18412
868	2856796	362137	184558	15898	480	18436
869	2853697	362805	185730	15935	482	18617
870	2848066	363915	186694	16041	494	18923
871	2843922	364932	187659	16030	495	19057
872	2840724	365922	188980	16213	502	19101
873	2836784	366668	190077	16209	498	19065
874	2831804	367755	190533	16272	504	19158
875	2828232	368207	191680	16312	493	19156
876	2823864	369345	192586	16393	491	19386
877	2819418	370022	193483	16449	502	19586
878	2815647	371239	194799	16479	506	19676
879	2810767	372755	195880	16537	514	19743
880	2806355	373527	197004	16556	505	19901
881	2803088	374671	197204	16649	503	20068
882	2798162	375857	197902	16726	515	20267
883	2792463	377133	199243	16848	536	20374
884	2789131	377927	199893	16893	529	20583
885	2786375	379126	200657	16889	528	20601
886	2779842	380435	201508	16809	526	20682
887	2775327	381328	202634	16838	521	20746
888	2771447	382378	203071	17005	532	20931
889	2766836	383794	203936	17006	524	21099
890	2761978	384941	205042	17127	528	21118
891	2757086	385808	205645	17080	539	21149
892	2752642	387277	206571	17144	541	21190
893	2747426	388114	207463	17121	549	21225
894	2741246	389375	208301	17251	561	21431
895	2736617	390238	209074	17289	546	21497
896	2731729	391513	210176	17252	562	21577
897	2726520	392900	210691	17330	556	21686
898	2721431	393958	211826	17364	543	21747
899	2716694	395036	212716	17583	579	21811
900	2713196	396023	213888	17663	585	21765
901	2707944	397269	214443	17730	575	21728
902	2702191	398697	214746	17744	594	21782
903	2697056	399950	215553	17848	600	21942
904	2692339	401140	216476	17961	592	22078
905	2687777	402494	217392	18086	588	21997
906	2682614	403504	218393	18086	573	22043
907	2678192	404924	219061	18142	599	22155
908	2673453	406113	219519	18117	592	22389
909	2669097	407482	220029	18123	582	22498
910	2664531	409073	220529	18201	609	22376
911	2659443	410513	221181	18233	611	22531
912	2654911	411985	221826	18259	589	22451
913	2650376	413331	222316	18320	606	22458
914	2646184	414583	222519	18392	581	22659
915	2640977	416461	223620	18536	590	22671
916	2635112	417652	224286	18615	611	22999
917	2630967	419254	224803	18703	615	23015
918	2626320	420610	225273	18721	606	23125
919	2622306	422021	225830	18756	611	23288
920	2617629	423676	226855	18892	602	23342
921	2612405	424934	227139	18834	623	23396
922	2607041	426690	227670	18881	613	23481
923	2600995	428188	227981	18906	613	23562
924	2595261	429910	228610	18929	606	23623
925	2589929	432180	229297	19028	630	23728
926	2585609	434291	230212	19167	624	23712
927	2580087	435763	230690	19230	625	23868
928	2574154	436850	231535	19330	624	23951
929	2569378	438653	231841	19496	627	24076
930	2563507	440078	232152	19465	632	24222
931	2556935	441104	232797	19506	636	24271
932	2551875	442849	233521	19517	629	24319
933	2545961	445009	234454	19671	637	24299
934	2540370	446312	235055	19709	638	24386
935	2535743	448210	235774	19738	635	24588
936	2529990	450274	236669	19753	662	24624
937	2523307	451621	237646	19847	665	24770
938	2518025	453370	238415	20005	677	24753
939	2512206	454998	239197	19964	669	24902
940	2505744	456882	240105	20080	662	25146
941	2501760	458519	240887	20176	639	25339
942	2497835	459751	242148	20211	653	25421
943	2490560	461341	242981	20210	664	25499
944	2486881	463031	243947	20238	654	25526
945	2483353	464529	244705	20327	656	25672
946	2478185	465645	245388	20427	669	25657
947	2472159	467174	246150	20511	681	25698
948	2466439	468992	246570	20565	692	25944
949	2460163	470834	247086	20634	697	26126
950	2454767	472811	248448	20624	705	26256
951	2447388	474761	249003	20703	702	26357
952	2441828	476087	249391	20810	699	26422
953	2437680	477457	250240	20897	690	26471
954	2430723	479467	250575	20984	698	26468
955	2424314	482097	251281	21081	700	26484
956	2418620	483552	252306	21105	699	26373
957	2412743	485019	253202	21189	687	26472
958	2407382	486485	254013	21296	669	26576
959	2399919	488372	254819	21292	661	26606
960	2393945	490152	255680	21490	670	26626
961	2387569	492139	256758	21661	676	26868
962	2381645	493633	257891	21712	691	27014
963	2376405	495601	258766	21708	674	26894
964	2371123	496988	259802	21650	683	26974
965	2365552	498308	260539	21859	680	27104
966	2360364	500153	261104	21890	672	27181
967	2354794	502715	261787	22014	669	27253
968	2347748	504677	262779	22022	673	27393
969	2340003	506720	263556	22132	687	27647
970	2334508	508590	264823	22295	695	27632
971	2328295	510608	265320	22541	717	27623
972	2321497	512301	266633	22589	727	27577
973	2315451	514217	267398	22682	725	27716
974	2309814	516631	268362	22694	729	27909
975	2302374	518595	268951	22823	710	28079
976	2295572	520982	269443	22910	718	28248
977	2289455	523261	269859	22903	720	28267
978	2283808	524593	270723	23005	718	28288
979	2278515	526340	271960	23020	730	28299
980	2272520	528127	272890	23256	738	28375
981	2266891	530567	274068	23285	747	28494
982	2260648	533526	275150	23368	746	28648
983	2252167	535675	276209	23472	731	28681
984	2245814	538199	276722	23565	724	28716
985	2240459	539581	277571	23814	705	28790
986	2234891	541776	278448	23945	700	28823
987	2228452	543785	279084	23883	709	28954
988	2222861	546005	279986	23916	705	29019
989	2217717	548503	280806	24033	704	29101
990	2210766	550872	281681	24153	716	29223
991	2203614	553757	282678	24255	751	29460
992	2197870	555666	283185	24247	785	29692
993	2191073	557883	283864	24339	787	29651
994	2184373	560215	284510	24338	791	29762
995	2178152	561840	285490	24441	805	29847
996	2171781	563324	286089	24592	794	29930
997	2164260	565411	287865	24663	795	30050
998	2157531	567898	289243	24853	788	30289
999	2151001	569915	290552	24891	775	30232
1000	2144290	572024	291729	25064	764	30334
1001	2136969	573788	293311	25183	788	30477
1002	2129830	576661	294450	25334	806	30459
1003	2123458	580121	295295	25325	803	30465
1004	2116544	582284	296825	25483	808	30584
1005	2108477	584502	297491	25800	836	30599
1006	2100726	586892	298701	25918	821	30627
1007	2093327	588824	299870	26041	828	30806
1008	2086389	590872	300665	26233	823	30920
1009	2078913	592701	301752	26387	833	31053
1010	2071525	595755	302704	26500	841	31129
1011	2064083	598703	303885	26619	866	31314
1012	2056246	601030	304509	26613	854	31521
1013	2050089	603454	306007	26646	865	31628
1014	2043255	606480	306667	26775	871	31666
1015	2036407	608998	307442	27010	861	31818
1016	2028520	611272	308569	26955	863	31961
1017	2021250	613404	309583	27048	877	32042
1018	2013778	615968	310438	27231	886	32109
1019	2006307	618218	311507	27313	854	32192
1020	1999745	620993	312330	27419	825	32408
1021	1992033	624182	313470	27556	853	32538
1022	1984671	627095	315094	27712	853	32627
1023	1977509	629584	315820	27825	858	32721
1024	1970400	631830	317211	27814	844	32771
1025	1962479	634280	318236	27825	853	32918
1026	1954398	636928	319147	27904	855	33116
1027	1946640	639339	320266	28097	853	33358
1028	1938605	641889	321057	28201	846	33519
1029	1930232	645001	322275	28312	854	33816
1030	1921463	647815	323153	28453	889	33989
1031	1914055	650627	324243	28579	881	34236
1032	1906478	653738	325736	28734	905	34250
1033	1898864	656870	326951	28885	905	34386
1034	1891065	659648	328250	28977	917	34548
1035	1884062	663191	329134	29032	903	34530
1036	1876715	665773	329813	29291	887	34726
1037	1869374	668100	330973	29328	908	34810
1038	1860238	671417	332374	29462	895	35073
1039	1850856	674323	333214	29450	903	35007
1040	1843317	676741	334849	29592	912	35093
1041	1834772	679654	335965	30040	891	35230
1042	1826035	682581	337611	30099	881	35194
1043	1817747	685651	338572	30181	867	35460
1044	1809496	688604	340120	30152	883	35692
1045	1801834	691732	341240	30350	884	35830
1046	1792969	694217	342720	30605	867	36020
1047	1784042	696380	344001	30655	867	36153
1048	1776422	698864	345506	30792	860	36368
1049	1766648	701390	347086	30989	875	36680
1050	1758151	703988	348739	31299	899	36884
1051	1750458	708210	350050	31489	904	37245
1052	1740891	710789	351398	31623	904	37244
1053	1732612	713158	353150	31649	901	37399
1054	1724552	715726	354909	31581	912	37355
1055	1716746	718540	356302	31691	936	37589
1056	1709495	721603	357423	31799	965	37708
1057	1701374	724502	358369	31813	980	37816
1058	1692034	728126	359520	31908	992	37903
1059	1682750	731222	360341	32010	1009	38025
1060	1674182	733286	361524	32052	1039	38060
1061	1665467	736229	362619	32122	1041	38390
1062	1656536	739311	364491	32242	998	38509
1063	1648425	741658	365959	32604	1027	38636
1064	1639885	744191	367677	32895	1022	38954
1065	1630880	747458	369208	32988	1057	39117
1066	1622205	750634	371147	33205	1069	39392
1067	1614267	753670	372449	33262	1076	39540
1068	1605338	756608	373747	33323	1079	39744
1069	1595963	759475	375645	33528	1075	39873
1070	1587318	762350	377487	33571	1066	40054
1071	1578472	764529	379686	33857	1055	40256
1072	1568889	767277	381172	33914	1081	40450
1073	1559777	770739	382331	34034	1085	40553
1074	1550216	774219	384148	34166	1100	40839
1075	1542064	777370	385748	34407	1145	41122
1076	1533028	780050	387187	34618	1125	41319
1077	1524230	781573	389369	34725	1122	41748
1078	1515072	784790	391862	34832	1133	41809
1079	1505787	786972	393504	34817	1140	42069
1080	1497024	789826	395981	34742	1143	42329
1081	1487560	792274	397404	34756	1119	42508
1082	1478612	794621	399971	34869	1130	42618
1083	1470304	797186	402285	34868	1178	42822
1084	1459554	799393	405145	35147	1184	42838
1085	1450377	801828	407241	35173	1195	43096
1086	1441403	804578	409455	35291	1230	43240
1087	1431802	806559	411934	35405	1249	43513
1088	1422178	808246	414199	35480	1220	43892
1089	1411848	810847	417290	35512	1227	44204
1090	1403180	813315	418875	35655	1241	44347
1091	1394282	815456	421531	35746	1218	44539
1092	1385845	817635	424091	35916	1224	44801
1093	1377481	819667	426164	35911	1217	45165
1094	1368577	822582	427882	36132	1224	45519
1095	1359014	825344	430063	36076	1228	45732
1096	1349610	827579	431877	36128	1219	45814
1097	1340343	829713	434278	36244	1222	45975
1098	1329769	832469	436248	36334	1242	46075
1099	1320755	834489	438901	36482	1244	46301
1100	1311151	836697	440699	36600	1250	46405
1101	1301859	838219	443219	36822	1237	46639
1102	1292236	840568	445642	36933	1277	46805
1103	1282121	842109	448044	37087	1273	47073
1104	1272505	844495	450729	37091	1279	47281
1105	1263878	846164	453387	37213	1264	47727
1106	1254838	847888	456055	37336	1268	48177
1107	1244869	849445	458796	37517	1255	48510
1108	1235158	851202	461496	37661	1241	48646
1109	1224921	852761	464158	37718	1269	48929
1110	1214990	855265	466355	37770	1277	49207
1111	1205072	857411	469294	37887	1293	49337
1112	1195357	859090	472700	37843	1291	49480
1113	1185656	860661	475163	37940	1298	49564
1114	1175865	861349	477818	38120	1305	49933
1115	1165577	862519	480214	38104	1295	50210
1116	1156607	864406	483905	38104	1300	50634
1117	1147446	865908	487051	38320	1309	51011
1118	1138544	866846	490265	38259	1336	51378
1119	1128409	868237	493088	38416	1348	51558
1120	1119287	869510	495855	38697	1331	51853
1121	1109872	871367	499000	38807	1407	52167
1122	1100715	872582	501536	38776	1376	52487
1123	1091939	873513	503840	38839	1369	52659
1124	1081845	875567	507154	39035	1393	53005
1125	1072825	875523	509151	39056	1415	53276
1126	1064383	876754	512868	39125	1405	53540
1127	1055830	877026	515535	39058	1399	53663
1128	1045896	877943	518298	38901	1410	53960
1129	1036497	878615	521738	38951	1411	54264
1130	1027833	880340	524355	39004	1418	54610
1131	1018549	881011	527527	39054	1458	54984
1132	1009748	882132	530815	39353	1462	55385
1133	1000028	882567	533769	39282	1492	55759
1134	989808	882199	537012	39297	1514	56234
1135	979875	882484	540124	39305	1512	56551
1136	969832	883136	543712	39411	1506	57296
1137	960737	882978	546593	39433	1509	57795
1138	951351	883567	549374	39226	1498	58009
1139	942586	883382	552134	39162	1486	58170
1140	932871	883824	555215	39087	1483	58454
1141	924315	883960	557936	39048	1550	58532
1142	913643	883506	561320	39087	1528	58755
1143	904274	883273	564390	39078	1550	59190
1144	894719	882674	568136	39186	1574	59602
1145	885672	882834	571168	39283	1605	59910
1146	877041	882158	573935	39387	1635	60172
1147	867277	882596	577184	39428	1628	60729
1148	858445	882157	580727	39295	1588	61199
1149	848786	882240	584205	39305	1606	61383
1150	839691	882356	587261	39215	1608	61732
1151	830998	881498	589563	39196	1643	61960
1152	822102	880646	593043	39177	1657	62285
1153	813080	879363	596520	39145	1656	62673
1154	804644	878619	600117	39230	1677	63180
1155	795849	877417	603326	39198	1664	63484
1156	787626	876697	606292	38970	1675	63844
1157	778761	876270	609050	38953	1689	63977
1158	770373	875085	612448	38782	1721	64335
1159	761906	873644	615061	38829	1715	64912
1160	753367	872335	617276	38787	1726	65392
1161	744661	871417	620511	38646	1745	65697
1162	736386	869994	623928	38739	1759	65995
1163	727371	868690	627684	38958	1761	66403
1164	718464	867542	630733	38639	1761	66726
1165	710191	865797	634034	38606	1724	66931
1166	701633	864161	637143	38516	1699	67218
1167	693614	863159	640428	38413	1708	67582
1168	684526	861454	643328	38457	1729	68002
1169	675937	859018	647194	38366	1767	68527
1170	667578	857851	650709	38232	1768	68672
1171	658885	856339	653335	38265	1786	68972
1172	649904	854771	656507	38305	1844	69247
1173	641489	853008	659865	38258	1852	69575
1174	633559	851225	662391	38294	1851	69922
1175	625350	848740	665716	38279	1874	70469
1176	617173	846346	667990	38164	1822	70832
1177	609378	844087	671559	37899	1854	71106
1178	601681	842682	674430	37824	1848	71378
1179	594135	840137	677958	37870	1831	71579
1180	586666	837307	680336	37771	1818	71758
1181	578710	834512	683656	37727	1840	72184
1182	571100	830586	687359	37527	1824	72370
1183	564293	827959	690192	37440	1822	72768
1184	556722	824708	693150	37316	1818	73097
1185	549167	821552	695755	36983	1863	73646
1186	541514	818995	698810	36845	1848	73711
1187	534503	815339	702418	36695	1811	74070
1188	527369	813005	705477	36623	1810	74628
1189	520278	809711	708860	36634	1821	74928
1190	512808	806055	711947	36569	1887	75099
1191	505330	802346	715280	36450	1898	75587
1192	498131	799510	718176	36303	1926	75751
1193	491343	796568	720667	36221	1911	76170
1194	484159	792645	723568	35982	1929	76533
1195	476863	789360	726144	35776	1954	77007
1196	469969	785621	728826	35610	1979	77175
1197	463108	782346	731255	35513	1945	77185
1198	456265	779482	733561	35140	1918	77382
1199	449763	776293	736108	34889	1937	77789
1200	443251	773029	738260	34818	1954	78273
1201	436877	768601	741500	34716	1928	78483
1202	430152	763871	743188	34637	1960	78753
1203	424241	760003	745650	34574	1969	79280
1204	418106	755674	747579	34451	1992	79717
1205	411677	751455	750003	34421	1980	80313
1206	405269	747046	752437	34186	1990	80668
1207	399323	742715	754131	33973	1972	81148
1208	392896	738140	755991	33682	2040	81464
1209	386446	733627	757233	33417	2075	81446
1210	380342	729063	759965	33076	2104	81790
1211	374512	725032	762445	32794	2118	81964
1212	368854	719848	764880	32534	2103	82033
1213	362774	714923	766279	32393	2116	82321
1214	357264	710336	767932	32241	2141	82485
1215	351428	706151	769158	32135	2196	82720
1216	345796	700884	770960	32120	2195	82983
1217	340716	696395	772851	31857	2222	83018
1218	335383	691470	774350	31483	2226	82839
1219	329985	685472	775765	31191	2243	83018
1220	324974	680285	776866	31086	2237	83315
1221	319520	675596	777860	30999	2243	83649
1222	314393	670281	779271	30850	2273	83775
1223	309084	665571	781552	30706	2297	83755
1224	303699	660479	783020	30424	2326	84088
1225	299060	655409	784291	30394	2323	84171
1226	294191	650935	785547	30220	2319	83945
1227	289407	644785	786078	29834	2300	84134
1228	284759	639374	787523	29548	2292	84221
1229	279758	634492	788961	29346	2313	84335
1230	275486	628519	790178	29136	2289	84555
1231	270840	623100	790403	28971	2312	84436
1232	266368	617884	790920	28748	2277	84353
1233	262307	612735	791862	28485	2280	84704
1234	257695	606847	792236	28279	2293	84829
1235	253627	602077	792031	28004	2280	85038
1236	248948	597228	792329	27699	2261	85245
1237	244373	591595	792862	27294	2283	85433
1238	240020	587337	793458	27148	2298	85496
1239	235879	581915	793978	26766	2285	85680
1240	232356	576337	794264	26474	2290	85604
1241	228524	571217	794011	26190	2250	86006
1242	224551	565834	793933	25946	2199	86032
1243	220672	561008	793326	25775	2207	85817
1244	216800	555785	792700	25577	2227	86111
1245	212930	550070	791888	25156	2262	86045
1246	209235	545082	791364	25114	2286	85989
1247	205611	539510	791572	24924	2307	86009
1248	202059	534781	790685	24858	2282	86255
1249	198601	529702	789558	24713	2292	86025
1250	194831	524137	788423	24480	2298	86119
1251	191500	519455	787834	24258	2351	85979
1252	187980	514485	786706	24064	2399	86131
1253	184680	508675	786401	23793	2385	86047
1254	181710	503342	785675	23613	2460	85926
1255	178457	498080	785158	23580	2438	85916
1256	175427	492188	784653	23229	2432	85674
1257	172053	486756	782701	22984	2434	85421
1258	169018	480994	781837	22775	2487	85531
1259	166262	475757	780681	22613	2457	85349
1260	163036	470367	779444	22363	2452	85436
1261	159743	464758	778072	22069	2467	85332
1262	156702	460148	777444	21827	2450	85116
1263	154301	455373	775559	21573	2431	84813
1264	151661	449784	774117	21400	2386	84906
1265	149038	444807	772614	21136	2421	84844
1266	146256	440042	770530	20875	2426	84764
1267	143993	435603	768715	20693	2421	84643
1268	141337	430159	766558	20457	2410	84393
1269	138817	425034	764989	20252	2400	84144
1270	136186	420286	763993	19963	2363	84085
1271	133946	415532	762437	19723	2359	84196
1272	131363	410606	759692	19440	2366	84095
1273	128838	405458	756381	19228	2332	84020
1274	126516	401375	753923	19071	2305	83253
1275	124405	396796	751120	18850	2276	83065
1276	122297	392088	748369	18622	2262	82900
1277	120302	387703	745324	18477	2273	82473
1278	117911	382579	743034	18321	2304	82140
1279	115439	378071	739345	18086	2313	82091
1280	113349	373557	736127	17938	2306	81717
1281	111228	369375	733181	17705	2299	81606
1282	109049	365331	730670	17496	2278	81554
1283	107042	361115	727770	17256	2266	81467
1284	105079	355980	724493	17138	2258	81260
1285	103061	351742	721332	16993	2269	81001
1286	100881	347127	718593	16760	2258	80696
1287	98951	343260	715382	16554	2228	80665
1288	97117	339349	712170	16366	2230	80284
1289	95379	335504	708999	16065	2180	80114
1290	93459	331163	705838	15883	2177	79813
1291	91896	327292	702011	15677	2134	79594
1292	90255	323654	699057	15482	2159	79113
1293	88350	319637	695907	15231	2165	78746
1294	86689	315630	691388	15071	2105	78366
1295	84953	312091	688238	14975	2079	77932
1296	83232	308032	684609	14813	2091	77471
1297	81662	303731	681311	14597	2100	76991
1298	79977	299574	677292	14472	2078	76785
1299	78494	295926	673748	14281	2089	76674
1300	77009	292037	670739	14148	2129	76189
1301	75679	288656	667369	13995	2093	75711
1302	74115	284523	663734	13914	2104	75354
1303	72801	280440	659452	13683	2127	75099
1304	71387	276632	655586	13503	2118	74437
1305	69852	273217	651758	13447	2097	73807
1306	68653	269296	647824	13246	2100	73354
1307	67415	265457	643539	13065	2078	72910
1308	66178	261694	639220	12895	2049	72521
1309	64914	258580	635195	12756	2030	72230
1310	63670	255077	631367	12635	2063	71917
1311	62269	251690	626822	12404	2086	71504
1312	61173	248224	622133	12243	2072	70970
1313	59672	244561	618265	12086	2084	70649
1314	58297	241414	614054	11912	2058	70254
1315	57093	238438	610060	11873	2036	69912
1316	56156	234943	605803	11719	2005	69546
1317	55019	232023	601747	11597	2045	69320
1318	53678	228812	597363	11445	2023	69068
1319	52491	226070	593281	11286	2035	68720
1320	51409	223193	589263	11249	2033	68354
1321	50469	220699	584441	11131	2020	67792
1322	49372	217498	580043	10973	2010	67465
1323	48451	214734	576029	10911	1996	67196
1324	47384	212254	571657	10793	1969	66597
1325	46531	209622	567667	10627	1982	66255
1326	45582	207128	562517	10588	1964	65819
1327	44669	204860	558133	10432	1969	65401
1328	43791	202239	554017	10277	1958	65050
1329	42731	199870	549471	10105	1925	64660
1330	41898	197197	544434	9884	1868	64003
1331	40941	194555	539191	9813	1832	63455
1332	39975	192172	534791	9667	1783	62883
1333	39105	189279	530181	9562	1809	62333
1334	38284	186691	525668	9479	1813	61847
1335	37427	184588	521393	9317	1840	61526
1336	36550	182268	516622	9177	1868	61209
1337	35585	179675	511890	9103	1851	60723
1338	34838	177658	507146	8928	1874	60163
1339	34106	175369	503226	8798	1867	59655
1340	33214	173162	498888	8682	1820	59371
1341	32332	171087	494088	8483	1797	58961
1342	31620	168988	490459	8312	1827	58705
1343	30835	166681	486681	8261	1793	58331
1344	30103	164501	482668	8229	1777	58029
1345	29357	162233	478638	8082	1753	57548
1346	28660	160079	474469	8027	1756	56998
1347	28006	157633	470518	7921	1739	56569
1348	27401	155394	465861	7817	1728	56228
1349	26900	153446	462096	7728	1720	55878
1350	26367	150919	458226	7668	1686	55738
1351	25857	149053	454083	7612	1709	55253
1352	25241	146777	450473	7504	1653	54827
1353	24568	144593	446256	7376	1644	54473
1354	23872	142429	442480	7270	1610	53789
1355	23254	140231	438717	7115	1615	53276
1356	22588	138108	434935	6986	1579	52839
1357	21995	135890	431467	6869	1550	52464
1358	21467	133941	428021	6800	1540	52089
1359	20868	132064	424504	6762	1520	51755
1360	20214	130140	420762	6692	1488	51227
1361	19681	128187	417397	6596	1495	50718
1362	19125	126214	413567	6503	1496	50303
1363	18662	124247	409527	6418	1456	49863
1364	18224	122422	406228	6273	1461	49530
1365	17773	120608	402388	6212	1439	49070
1366	17322	119077	398574	6086	1492	48535
1367	16823	117245	394673	6026	1465	48269
1368	16397	115323	390976	5941	1446	47908
1369	15843	113648	386295	5875	1435	47473
1370	15438	111922	382565	5762	1414	47040
1371	15004	110118	378877	5707	1394	46570
1372	14507	108391	374479	5658	1375	46171
1373	14051	107061	370471	5607	1374	45755
1374	13706	105563	366741	5541	1354	45117
1375	13367	103992	362721	5443	1347	44824
1376	12891	102350	358928	5392	1334	44408
1377	12525	100643	355221	5261	1313	43902
1378	12259	98874	351515	5200	1284	43501
1379	11844	96973	347652	5109	1299	43121
1380	11548	95134	344269	5076	1287	42653
1381	11167	93664	340402	5028	1247	42193
1382	10825	91882	336774	4894	1246	41868
1383	10501	90574	333250	4829	1241	41424
1384	10150	88942	329742	4771	1238	41006
1385	9900	87427	326093	4688	1240	40728
1386	9550	85976	322342	4596	1222	40327
1387	9268	84493	319517	4538	1256	39876
1388	8927	83143	316370	4443	1239	39501
1389	8662	81877	313310	4417	1264	39038
1390	8414	80327	309654	4357	1271	38855
1391	8120	78934	306445	4290	1272	38640
1392	7805	77672	303285	4193	1288	38213
1393	7600	76557	300376	4173	1267	37849
1394	7340	75307	297184	4165	1261	37561
1395	7076	74002	293860	4089	1260	37221
1396	6795	72878	290483	4000	1232	36926
1397	6544	71698	287077	3897	1239	36574
1398	6424	70456	283885	3877	1243	36304
1399	6199	69179	280261	3819	1217	35914
1400	5972	68205	277002	3766	1216	35547
1401	5763	67180	274196	3747	1206	35264
1402	5507	65897	270916	3667	1206	34907
1403	5291	65029	266985	3547	1216	34614
1404	5110	63884	263996	3516	1182	34291
1405	4969	62761	260953	3445	1141	34021
1406	4752	61594	257793	3396	1143	33593
1407	4566	60617	255114	3326	1122	33165
1408	4379	59462	252225	3232	1109	32871
1409	4238	58167	249183	3210	1109	32548
1410	4086	57152	246373	3170	1114	32288
1411	3910	56155	243330	3207	1104	31862
1412	3712	55195	240008	3148	1057	31661
1413	3556	54088	237082	3100	1039	31272
1414	3457	53049	234500	3036	1029	31055
1415	3316	52020	231541	2972	1035	30791
1416	3161	51092	228926	2925	1067	30567
1417	3029	49893	226363	2853	1054	30144
1418	2918	48804	223641	2781	1020	29540
1419	2798	47665	220772	2778	983	29158
1420	2715	46559	218224	2722	979	28871
1421	2648	45456	215793	2603	964	28537
1422	2505	44438	213362	2516	945	28206
1423	2408	43624	210736	2525	956	27778
1424	2295	42681	207646	2441	945	27344
1425	2180	41708	205206	2364	930	27088
1426	2069	40813	202896	2315	905	26690
1427	1934	40049	200081	2239	889	26399
1428	1835	39078	197270	2185	884	26030
1429	1735	38164	194723	2152	875	25923
1430	1655	37329	192378	2104	865	25696
1431	1597	36397	189891	2094	844	25342
1432	1518	35711	187644	2080	824	24993
1433	1447	34772	184966	2041	827	24764
1434	1401	33928	183178	2039	795	24354
1435	1358	33230	180769	1920	806	24054
1436	1294	32572	178150	1885	804	23740
1437	1243	31773	175613	1839	768	23382
1438	1204	31252	173233	1824	769	23100
1439	1133	30478	170449	1780	803	22887
1440	1090	29795	167792	1762	796	22672
1441	1081	29024	165271	1731	808	22300
1442	1041	28508	162489	1668	786	21862
1443	993	27936	159734	1640	784	21600
1444	945	27196	157506	1588	761	21466
1445	887	26587	155001	1584	770	21069
1446	839	25997	152661	1577	755	20703
1447	773	25470	150628	1539	759	20405
1448	723	24955	148363	1515	750	20138
1449	688	24334	145737	1523	749	19909
1450	657	23723	143307	1489	737	19551
1451	634	23206	141318	1471	710	19324
1452	611	22699	138772	1440	691	19039
1453	606	22130	136669	1408	680	18779
1454	565	21645	134295	1374	679	18576
1455	537	21111	131967	1343	662	18318
1456	486	20608	129896	1308	645	17942
1457	455	20195	127665	1287	631	17732
1458	416	19776	125654	1257	643	17492
1459	402	19289	123757	1228	643	17206
1460	387	18884	121776	1204	649	16936
1461	367	18378	120006	1184	659	16659
1462	351	17953	117797	1141	652	16449
1463	339	17440	115883	1112	643	16241
1464	331	16922	113967	1130	612	16073
1465	314	16594	112052	1120	598	15858
1466	309	16231	110166	1086	571	15692
1467	304	15904	108295	1045	572	15524
1468	286	15615	106601	1039	561	15315
1469	285	15149	104484	990	551	15051
1470	271	14853	102447	969	550	14838
1471	264	14473	100613	941	523	14552
1472	249	14132	98873	912	510	14376
1473	251	13845	97122	890	518	14063
1474	259	13560	95463	863	523	13920
1475	243	13173	93664	839	510	13684
1476	230	12787	91804	832	520	13558
1477	215	12427	90263	834	497	13412
1478	218	12046	88566	808	482	13094
1479	207	11699	86776	795	483	12823
1480	204	11372	85277	786	478	12582
1481	196	11160	83820	766	472	12367
1482	197	10926	82430	755	461	12112
1483	190	10600	80862	733	471	11834
1484	177	10318	79444	722	471	11634
1485	162	10042	77762	711	471	11383
1486	147	9847	76453	689	483	11222
1487	128	9602	74935	699	479	11078
1488	114	9380	73749	698	460	10849
1489	115	9153	72387	673	469	10648
1490	111	8898	70782	656	461	10454
1491	105	8690	69405	647	454	10227
1492	101	8542	67914	614	450	10097
1493	95	8256	66406	616	451	9915
1494	90	8043	65092	622	452	9728
1495	84	7872	63550	606	438	9451
1496	79	7681	62347	596	424	9288
1497	76	7530	61168	586	420	9110
1498	74	7382	60011	590	415	8973
1499	75	7182	58586	570	410	8861
1500	72	6998	57546	553	402	8782
